2.95 1.233333 1.938095 2.57619 1.928571 4.566667 1.671429 2.333333 1.338095 1.961905 1.838095 2.519048 1.709524 2.809524 1.57619 4.085714 2.033333 3.266667 1.5 1.595238 2.266667 2.814286 1.380952 1.535714 1.492857 1.509524 2.209524 1.9 1.671429 3.014286 2.066667 1.328571 2.133333 2.133333 1.819048 2.871429 1.404762 1.280952 2.114286 1.219048 1.771429 1.819048 3.419048 3.366667 2.319048 1.961905 2.214286 2.085714 2.280952 2.580952 1.461905 1.07619 2.021429 1.771429 2.121429 1.547619 1.542857 1.733333 1.07619 3.795238 2.038095 1.735714 1.438095 1.509524 1.385714 1.061905 4.352381 3.166667 4.390476 
3.135714 1.838095 2.285714 2.919048 2.838095 4.261905 1.966667 2.257143 1.328571 1.695238 1.8 2.761905 2.704762 3.285714 1.885714 5.428571 2.638095 4.833333 1.285714 1.371429 1.861905 2.62381 1.552381 1.007143 1.378571 1.442857 1.719048 1.604762 1.2 2.671429 2.019048 1.761905 3.2 3.2 1.942857 2.657143 0.9952381 1.37619 2.1 1.128571 1.738095 1.995238 2.857143 3.5 2.095238 1.771429 2.552381 2.861905 3.580952 2.67619 2.352381 1.5 1.585714 1.271429 1.492857 1.895238 1.490476 1.485714 1.395238 3.995238 1.52381 1.521429 1.066667 1.247619 1.3 1.357143 5.314286 3.390476 5.32381 
3.557143 0.8428571 1.561905 1.861905 1.571429 3.204762 1.371429 1.490476 1.090476 1.352381 1.419048 1.814286 1.17619 1.795238 1.304762 2.857143 1.552381 2.480952 0.947619 1.12381 1.880952 2.761905 1.028571 0.6285714 0.9142857 1.252381 1.6 1.361905 1.042857 2.97619 1.771429 1.071429 1.833333 1.833333 1.547619 2.32381 1.285714 1.104762 1.4 1.019048 1.380952 1.37619 2.933333 2.466667 1.580952 1.347619 1.52381 1.419048 1.67619 1.92381 1.147619 0.9714286 1.557143 1.085714 1.914286 1.27619 1.242857 1.457143 0.9857143 2.533333 1.228571 1.621429 0.952381 1.209524 1.057143 0.9238095 2.828571 1.990476 2.8 
3.057143 1.414286 1.995238 3.219048 2.590476 4.2 2.219048 2.057143 1.442857 2.214286 1.838095 3.157143 2.004762 2.595238 2.071429 5.47619 2.109524 4.538095 1.671429 1.92381 1.942857 2.852381 1.614286 1.121429 1.621429 2.02381 2.271429 2.066667 1.471429 3.009524 2.333333 1.861905 2.8 2.8 1.8 2.395238 1.719048 1.4 1.904762 1.6 2.104762 2.157143 3.161905 4.009524 2.147619 1.742857 2.790476 2.833333 2.92381 2.380952 1.871429 1.280952 1.707143 1.42381 1.707143 1.495238 1.314286 1.480952 1.1 3.609524 1.552381 2.192857 1.247619 1.3 1.290476 1.228571 4.757143 2.847619 4.752381 
3.05 1.033333 1.695238 2.152381 1.561905 3.166667 1.519048 1.457143 1.042857 1.409524 1.490476 1.719048 1.342857 1.833333 1.385714 3.180952 1.52381 2.614286 1.047619 1.147619 1.580952 2.328571 0.9761905 0.7428571 0.9571429 1.166667 1.457143 1.228571 1.135714 2.657143 1.82381 1.109524 1.92381 1.92381 1.671429 2.290476 1.37619 1.014286 1.280952 0.9619048 1.3 1.252381 2.909524 2.604762 1.609524 1.442857 1.27619 1.485714 1.842857 1.971429 1.342857 1.114286 1.471429 1.247619 1.35 1.090476 1.152381 1.195238 0.9571429 2.638095 1.252381 1.621429 1.038095 0.9809524 0.9095238 0.8761905 3.285714 2.219048 3.22381 
3.257143 0.9428571 1.77619 1.752381 1.438095 3.414286 1.333333 1.32381 1.014286 1.480952 1.419048 1.628571 1.290476 1.671429 1.314286 2.509524 1.704762 2.257143 1.2 1.404762 1.709524 2.571429 1.02381 0.9357143 0.85 1.552381 1.814286 1.747619 0.9428571 2.642857 1.838095 1.02381 1.657143 1.657143 1.719048 2.414286 1.304762 1.02381 1.242857 1.138095 1.52381 1.280952 2.785714 2.204762 1.385714 1.371429 1.219048 1.209524 1.52381 2.1 1.228571 1.133333 1.735714 1.2 1.5 1.214286 1.171429 1.166667 0.9809524 2.852381 1.233333 1.742857 1.342857 1.119048 0.9571429 0.9285714 3.166667 2.442857 3.171429 
4.964286 1.580952 2.195238 2.52381 2.180952 4.104762 2.314286 2.409524 1.733333 2.461905 2.119048 2.871429 1.952381 2.933333 2.028571 3.166667 2.319048 2.809524 2.314286 2.604762 3.152381 4.8 2.209524 2.192857 2.271429 2.538095 3.357143 3.014286 2.514286 4.947619 2.809524 1.738095 2.080952 2.080952 2.119048 2.652381 1.790476 1.890476 2.204762 1.680952 2.37619 2.147619 3.657143 3.019048 3.261905 1.980952 2.104762 1.97619 2.166667 2.690476 1.985714 1.619048 2.692857 2.5 2.835714 2.242857 2.390476 2.295238 1.528571 3.509524 2.409524 3.542857 2.147619 2.433333 2.257143 1.719048 5.361905 2.966667 5.2 
4.85 1.614286 1.866667 2.719048 2.290476 2.42381 2.2 2.309524 1.619048 2.438095 1.890476 2.77619 1.957143 3.152381 1.895238 3.528571 2.6 2.966667 1.6 1.82381 2.514286 3.971429 1.495238 1.435714 1.657143 1.785714 2.57619 2.052381 2.1 4.280952 2.67619 1.771429 2.095238 2.095238 1.719048 1.857143 1.890476 1.67619 1.957143 1.571429 2.1 2.157143 3.22381 3.066667 2.661905 1.757143 2.133333 2.22381 2.233333 2.042857 1.757143 1.42381 2.35 2.042857 2.478571 2.014286 2.004762 2.37619 1.366667 2.290476 1.838095 2.828571 1.752381 1.285714 1.17619 1.733333 5.785714 2.371429 5.642857 
2.464286 1.442857 2.352381 3.095238 2.242857 4.966667 2.304762 2.333333 1.609524 2.690476 2.166667 3.214286 1.885714 2.82381 2.214286 4.309524 2.27619 3.47619 1.561905 1.728571 2.52381 2.561905 1.509524 1.5 1.728571 1.666667 2.280952 1.871429 1.692857 2.747619 2.638095 1.861905 2.504762 2.504762 2.442857 2.82381 1.619048 1.542857 2.052381 1.738095 2.466667 2.090476 4.004762 4.214286 2.638095 2.295238 3.057143 2.514286 2.52381 2.428571 1.928571 1.028571 2.142857 1.942857 2.114286 1.67619 1.680952 1.866667 1.37619 4.447619 1.904762 1.085714 1.57619 1.590476 1.580952 1.452381 5.395238 3.166667 5.533333 
2.821429 1.233333 1.871429 2.757143 2.152381 4.057143 1.928571 1.580952 1.22381 1.647619 1.652381 2.828571 1.347619 2.109524 1.780952 4.595238 1.604762 3.847619 1.333333 1.471429 1.614286 2.490476 0.8952381 0.9571429 1.028571 1.509524 1.8 1.614286 0.9785714 2.82381 2.238095 1.404762 2.342857 2.342857 1.719048 2.595238 1.571429 1.12381 1.514286 1.314286 1.766667 2 3.328571 3.542857 1.590476 1.6 2.080952 2.071429 2.114286 2.180952 1.361905 1.009524 1.807143 1.371429 1.678571 1.328571 0.9666667 1.433333 1.080952 3.366667 1.328571 2.85 1.209524 1.157143 1.171429 1.152381 4.971429 2.719048 5.090476 
4.321429 1.438095 2.019048 2.452381 1.990476 2.609524 1.752381 1.614286 1.233333 1.809524 1.414286 2.709524 1.942857 2.585714 1.442857 3.380952 2.347619 3.07619 1.17619 1.295238 2.02381 3.62381 1.414286 1.242857 1.35 1.742857 2.319048 2.352381 1.807143 3.728571 2.528571 1.380952 2.133333 2.133333 1.819048 2.109524 1.614286 1.185714 1.333333 1.290476 1.719048 1.92381 3.690476 3.390476 2.304762 1.433333 1.780952 1.72381 2.219048 1.990476 1.733333 1.352381 2.064286 1.447619 2.207143 1.585714 1.447619 1.719048 1.309524 2.442857 1.552381 1.864286 1.285714 1.404762 1.309524 1.22381 4.242857 2.319048 4.147619 
4.635714 1.552381 1.990476 2.514286 2.038095 3.657143 1.942857 1.833333 1.319048 2.014286 1.557143 2.157143 1.819048 3.009524 1.695238 3.314286 2.414286 2.628571 1.985714 2.366667 2.019048 4.095238 1.790476 1.385714 1.778571 2.195238 2.338095 2.147619 2.171429 4.5 2.228571 1.571429 1.990476 1.990476 1.847619 2.3 1.633333 1.566667 1.738095 1.438095 1.704762 1.661905 2.67619 2.42381 2.690476 1.557143 2.133333 2.047619 2.209524 2.061905 1.790476 1.161905 2.092857 1.733333 2.228571 1.680952 1.485714 1.709524 1.271429 3.304762 1.838095 3.464286 1.661905 1.752381 1.728571 1.252381 4.92381 2.62381 5.080952 
3.328571 1.257143 2.228571 2.757143 2.233333 4.738095 2.157143 2.114286 1.466667 2.057143 2 2.904762 1.661905 2.166667 2.061905 4.004762 1.62381 3.309524 1.595238 1.814286 1.880952 3.22381 1.609524 1.535714 1.742857 1.957143 2.257143 2.138095 1.642857 3.347619 2.304762 1.514286 2.433333 2.433333 2.257143 3.066667 1.457143 1.514286 1.942857 1.547619 1.919048 2.028571 3.719048 3.438095 2.457143 2.052381 2.442857 1.995238 2.342857 2.728571 1.561905 1.333333 1.828571 1.771429 2.485714 1.504762 1.585714 1.742857 1.185714 3.909524 1.866667 2.764286 1.495238 1.77619 1.77619 1.285714 5.090476 3.228571 5.109524 
3.25 1.247619 1.990476 2.4 1.919048 4.261905 1.771429 1.433333 1.22381 1.766667 1.514286 2.37619 1.485714 1.661905 1.457143 3.647619 1.352381 3.252381 0.9714286 1.138095 1.790476 2.72381 1.104762 0.8785714 1.285714 1.352381 1.747619 1.442857 1.228571 2.947619 2.380952 1.157143 2.219048 2.219048 2.057143 2.857143 1.547619 1.204762 1.419048 1.257143 1.647619 1.504762 3.985714 3.314286 1.571429 1.466667 1.861905 1.761905 2.019048 2.180952 1.357143 1.17619 1.914286 1.557143 1.842857 1.314286 1.280952 1.495238 1.266667 3.414286 1.409524 2.378571 1.361905 1.214286 1.12381 1.280952 4.67619 2.695238 4.638095 
3.407143 1.090476 1.914286 1.952381 1.642857 3.142857 1.766667 1.147619 1 1.680952 1.438095 2.371429 1.409524 1.709524 1.619048 2.714286 1.480952 2.461905 1.119048 1.3 1.580952 2.685714 0.952381 0.7714286 1.307143 1.514286 1.771429 1.504762 1.5 3.166667 2.195238 1.3 1.890476 1.890476 1.771429 2.447619 1.719048 1.02381 1.066667 1.328571 1.542857 1.6 3.357143 2.990476 1.595238 1.366667 1.442857 1.457143 1.819048 1.880952 1.4 1.352381 1.714286 1.5 1.835714 1.37619 1.257143 1.261905 1.152381 2.57619 1.542857 2.814286 1.366667 1.552381 1.361905 0.9666667 3.271429 2.209524 3.309524 
3.985714 1.352381 2.32381 2.457143 2.095238 4.295238 2.1 1.719048 1.352381 1.842857 1.752381 2.709524 1.619048 2.333333 1.828571 3.552381 1.871429 3.314286 1.457143 1.719048 2.204762 3.238095 1.371429 1.171429 1.792857 1.77619 1.990476 1.914286 2.064286 3.72381 2.42381 1.471429 2.22381 2.22381 2.147619 3.2 1.538095 1.395238 1.538095 1.504762 1.9 1.709524 3.52381 3.371429 2.3 1.738095 1.885714 1.719048 1.957143 2.228571 1.847619 1.352381 2.257143 2.038095 2.178571 1.57619 1.82381 1.538095 1.438095 3.290476 2.028571 3.521429 1.833333 1.92381 1.828571 1.547619 4.957143 2.666667 5.066667 
3.407143 1.380952 2.309524 2.733333 2.138095 4.742857 2.061905 1.980952 1.404762 1.990476 1.766667 2.904762 1.438095 2.271429 1.780952 4.357143 1.6 3.880952 1.252381 1.442857 2.366667 3.17619 1.32381 0.9 1.435714 1.604762 2.142857 1.661905 1.928571 3.642857 2.671429 1.461905 2.238095 2.238095 2.395238 3.242857 1.609524 1.466667 1.9 1.557143 2.052381 1.738095 4.380952 3.861905 2.328571 1.8 2.214286 1.671429 1.857143 2.819048 1.628571 1.504762 2.178571 1.92381 2.128571 1.547619 1.642857 1.542857 1.4 4.052381 1.957143 3.564286 1.561905 1.642857 1.542857 1.257143 4.980952 3.204762 5.114286 
3.078571 1.314286 2.266667 2.385714 1.890476 4.17619 1.842857 1.404762 1.419048 1.719048 1.542857 2.338095 1.5 1.871429 1.619048 3.214286 1.495238 2.838095 1.033333 1.17619 1.9 2.628571 0.947619 0.6642857 1.207143 1.390476 1.814286 1.466667 1.364286 2.966667 2.361905 1.428571 1.957143 1.957143 2.214286 3.147619 1.442857 1.519048 1.461905 1.561905 2.052381 1.642857 3.471429 2.842857 1.866667 1.52381 1.695238 1.542857 1.8 2.761905 1.533333 1.438095 1.735714 1.490476 1.957143 1.457143 1.304762 1.357143 1.342857 3.452381 1.514286 2.2 1.32381 1.52381 1.347619 1.157143 4.433333 3.209524 4.533333 
3.664286 1.395238 2.02381 2.380952 2.033333 2.657143 1.961905 1.314286 1.280952 1.438095 1.514286 3.080952 1.7 2.219048 1.680952 3.07619 1.961905 2.814286 1.104762 1.5 2.261905 3.504762 1.414286 1.114286 1.514286 1.971429 2.390476 2.314286 2.385714 3.87619 2.671429 1.585714 2.142857 2.142857 1.938095 2.157143 1.690476 1.309524 1.257143 1.490476 1.566667 1.880952 3.890476 3.72381 2.309524 1.547619 2.090476 1.766667 2.028571 2.280952 1.414286 1.62381 2.185714 1.77619 2.214286 1.538095 1.4 1.771429 1.238095 2.419048 2.019048 3.021429 1.652381 1.733333 1.752381 1.1 3.557143 2.419048 3.442857 
3.55 1.380952 2.128571 2.328571 1.9 2.766667 1.638095 1.595238 1.385714 1.509524 1.47619 2.495238 1.633333 1.904762 1.447619 3.157143 1.5 2.614286 1.380952 1.571429 2.047619 3.304762 1.5 0.9214286 1.685714 1.633333 1.847619 1.9 1.842857 3.752381 2.261905 1.4 1.8 1.8 2.014286 2.133333 1.457143 1.5 1.604762 1.357143 1.738095 1.638095 3.07619 2.866667 2.1 1.404762 1.957143 1.466667 1.714286 2.047619 1.628571 1.295238 2.021429 1.685714 1.992857 1.433333 1.361905 1.514286 1.433333 2.447619 1.92381 2.1 1.490476 1.738095 1.580952 1.219048 3.9 2.252381 3.666667 
2.692857 1.07619 2.357143 2.32381 2.033333 3.847619 1.895238 1.461905 1.214286 1.690476 1.666667 2.17619 1.271429 1.461905 1.761905 3.428571 1.242857 3.071429 1.519048 1.685714 1.995238 2.761905 1.390476 1.307143 1.55 1.742857 2.238095 1.8 1.107143 2.819048 2.309524 1.452381 2.190476 2.190476 2.271429 2.842857 1.447619 1.185714 1.490476 1.338095 1.57619 1.447619 3.395238 2.947619 1.590476 1.571429 2.02381 1.785714 1.77619 1.795238 1.371429 0.9380952 2.014286 1.557143 1.778571 1.22381 1.147619 1.414286 1.171429 3.27619 1.304762 2.221429 1.419048 1.290476 1.22381 1.233333 3.471429 2.557143 3.7 
2.514286 1.219048 1.9 2.285714 1.866667 2.509524 1.880952 1.695238 1.395238 1.747619 1.533333 2.338095 1.57619 2.104762 1.661905 3.195238 1.614286 2.757143 0.8571429 1.066667 1.733333 2.309524 1.152381 0.6285714 1.307143 1.614286 1.771429 1.404762 1.15 2.466667 1.957143 1.514286 1.938095 1.938095 1.771429 2.180952 1.466667 1.509524 1.752381 1.319048 1.7 1.609524 2.471429 2.914286 1.619048 1.557143 1.942857 1.719048 1.861905 1.92381 1.380952 1.033333 1.714286 1.238095 1.607143 1.228571 0.8809524 1.052381 0.9619048 1.933333 1.266667 1.771429 1.247619 1.233333 1.147619 1.038095 4.161905 2.128571 3.980952 
3.742857 1.32381 2.133333 2.157143 1.761905 2.633333 1.728571 1.3 1.328571 1.547619 1.452381 2.652381 1.519048 1.795238 1.585714 2.652381 1.571429 2.190476 1.047619 1.309524 2 3.480952 1.490476 0.7928571 1.528571 1.747619 2.033333 1.857143 1.792857 3.719048 1.990476 1.52381 1.738095 1.738095 1.942857 2.32381 1.419048 1.385714 1.304762 1.314286 1.585714 1.82381 2.37619 3.3 2.12381 1.457143 2.17619 1.547619 1.666667 1.92381 1.642857 1.333333 2.028571 1.557143 2.035714 1.619048 1.452381 1.852381 1.404762 2.290476 1.6 2.521429 1.280952 1.538095 1.552381 1.361905 4.409524 2.328571 4.457143 
2.292857 1.090476 1.742857 1.938095 1.5 2.666667 1.561905 1.152381 1.095238 1.447619 1.409524 1.880952 1.37619 1.366667 1.533333 2.32381 1.361905 2.014286 1.209524 1.242857 1.519048 2.228571 1.247619 0.9857143 1.428571 1.471429 1.671429 1.304762 1.214286 2.490476 1.709524 1.319048 1.666667 1.666667 1.7 1.952381 1.1 1.114286 1.233333 1.314286 1.495238 1.328571 1.980952 2.271429 1.32381 1.32381 1.771429 1.295238 1.580952 1.9 1.157143 1.142857 1.714286 1.385714 1.435714 1.219048 1.009524 1.266667 1.147619 2.357143 1.3 1.578571 1.257143 1.17619 1.142857 1.047619 3.638095 2.328571 3.595238 
2.7 1.261905 2.104762 1.895238 1.661905 3.342857 1.557143 1.280952 1.6 1.42381 1.62381 2.461905 1.609524 1.809524 1.57619 2.428571 1.490476 2.17619 1.252381 1.504762 2.12381 2.752381 1.542857 0.8285714 1.542857 1.842857 2.038095 1.995238 1.4 2.8 1.633333 1.385714 1.942857 1.942857 1.985714 2.390476 1.52381 1.638095 1.342857 1.357143 1.604762 1.704762 1.942857 3.357143 1.666667 1.357143 1.833333 1.604762 1.885714 2.409524 1.633333 1.466667 2.035714 1.509524 2.128571 1.461905 1.190476 1.757143 1.480952 3.357143 1.757143 1.6 1.395238 1.533333 1.409524 1.528571 4.961905 3.342857 5.252381 
4.578571 1.490476 2.685714 2.657143 2.07619 3.304762 2.080952 1.509524 1.457143 1.561905 1.771429 2.561905 1.942857 2.7 1.938095 3.47619 2.290476 2.919048 1.238095 1.261905 2.252381 3.971429 1.204762 0.8428571 1.271429 1.695238 2.219048 2.042857 2.385714 4.37619 2.438095 1.547619 2.290476 2.290476 2.3 2.961905 1.219048 1.6 1.447619 1.542857 1.780952 1.795238 2.719048 4.085714 2.261905 1.747619 2.190476 1.747619 2.304762 2.638095 1.661905 1.504762 2.078571 1.838095 2.671429 1.914286 1.738095 2.004762 1.3 2.838095 2.057143 2.914286 1.395238 2.004762 1.928571 1.447619 6.32381 3.352381 6.357143 
5.621429 1.357143 2.171429 2.709524 2.247619 2.37619 1.933333 1.5 1.385714 1.685714 1.690476 2.8 1.752381 2.342857 1.666667 3.566667 2.004762 2.895238 1.147619 1.409524 2.12381 4.890476 1.514286 0.8142857 1.471429 1.8 2.171429 2.247619 2.142857 5.166667 2.404762 1.533333 2.147619 2.147619 1.985714 2.166667 1.219048 1.609524 1.519048 1.319048 1.885714 1.833333 2.704762 4.104762 2.357143 1.62381 2.1 1.795238 2.095238 1.995238 1.595238 1.119048 1.928571 1.566667 1.907143 1.447619 1.266667 1.504762 1.295238 2.009524 1.719048 2.957143 1.42381 1.395238 1.409524 1.152381 4.090476 2.409524 4.066667 
3.357143 1.328571 2.271429 2.3 2.042857 2.5 1.885714 1.342857 1.347619 1.485714 1.495238 2.066667 1.571429 1.771429 1.742857 3.133333 1.590476 2.819048 1.42381 1.514286 1.952381 3.009524 1.361905 1.092857 1.371429 1.72381 1.87619 2.047619 1.692857 3.32381 2.014286 1.566667 2.019048 2.019048 2 2.257143 1.3 1.409524 1.433333 1.442857 1.595238 1.480952 2.742857 2.619048 1.871429 1.461905 1.966667 1.509524 1.795238 2.338095 1.447619 1.780952 1.792857 1.457143 2.164286 1.42381 1.419048 1.52381 1.238095 2.219048 1.814286 2.2 1.504762 1.72381 1.638095 1.204762 4.385714 2.557143 4.104762 
4.671429 1.561905 2.304762 2.72381 2.242857 2.961905 2.261905 1.92381 1.461905 1.547619 1.671429 2.247619 1.852381 2.109524 2.166667 3.638095 1.842857 2.990476 1.547619 1.766667 2.628571 4.157143 1.819048 1.485714 1.885714 2.480952 2.680952 2.957143 2.085714 4.471429 2.528571 2.12381 2.42381 2.42381 2.171429 2.628571 1.328571 1.461905 1.666667 1.366667 1.504762 1.447619 3.6 3.333333 2.509524 1.595238 2.038095 2.066667 2.361905 2.628571 1.571429 1.819048 2.378571 1.914286 2.171429 1.790476 1.871429 1.77619 1.433333 2.647619 2.209524 3.214286 1.628571 1.980952 1.919048 1.352381 5.3 2.957143 5.380952 
3.178571 1.447619 2.152381 2.071429 1.814286 2.295238 1.538095 1.771429 1.480952 1.47619 1.533333 2.142857 1.761905 2.152381 1.5 2.77619 1.952381 2.338095 1.338095 1.614286 2.033333 2.985714 1.438095 0.9214286 1.735714 1.938095 1.842857 2 1.571429 3.252381 1.842857 1.547619 1.885714 1.885714 1.852381 2.038095 1.295238 1.538095 1.542857 1.285714 1.538095 1.447619 2.180952 3.233333 2.104762 1.390476 1.757143 1.690476 1.966667 2.666667 1.538095 1.504762 1.778571 1.552381 2.135714 1.547619 1.333333 1.7 1.214286 2.133333 1.661905 1.75 1.319048 1.566667 1.519048 1.180952 4.666667 2.738095 4.519048 
2.228571 1.419048 2.280952 2.957143 2.266667 2.880952 2.185714 1.466667 1.190476 1.428571 1.504762 1.785714 1.771429 1.857143 2.014286 4.595238 1.714286 3.585714 1.6 1.714286 2.233333 2.280952 1.42381 1.128571 1.542857 1.695238 2.219048 1.895238 1.607143 2.742857 2.109524 1.866667 2.257143 2.257143 2.17619 2.552381 1.171429 1.152381 1.442857 1.3 1.52381 1.438095 2.666667 2.280952 1.87619 1.461905 1.6 1.895238 2.180952 2.209524 1.619048 1.352381 1.878571 1.619048 1.928571 1.428571 1.390476 1.628571 1.271429 2.457143 1.890476 1.992857 1.442857 1.671429 1.552381 1.342857 4.504762 2.42381 4.504762 
2.142857 1.733333 2.171429 2.714286 1.666667 3.214286 2.147619 2.642857 1.638095 2.195238 1.819048 2.352381 1.809524 2.271429 1.871429 2.990476 1.866667 2.290476 1.428571 1.971429 3.409524 2.771429 1.866667 1.371429 1.857143 2.552381 3.219048 2.928571 2.257143 3.161905 2.414286 1.614286 1.795238 1.795238 2.052381 2.495238 1.338095 1.742857 2.261905 1.504762 2.428571 1.833333 2.695238 3.290476 3.114286 1.861905 2.533333 1.657143 1.9 3.595238 2.061905 2.542857 2.55 2.085714 2.664286 1.752381 1.857143 2.195238 1.904762 3.352381 2.661905 3.564286 1.638095 2.385714 2.57619 1.6 6.295238 3.87619 6.309524 
3.057143 1.280952 1.771429 1.847619 1.557143 1.933333 1.547619 1.414286 1.466667 1.533333 1.47619 1.614286 1.552381 1.780952 1.47619 2.047619 1.590476 1.680952 1.47619 1.4 2.257143 3.090476 1.433333 1.3 1.428571 1.657143 2.238095 2.02381 1.528571 3.214286 1.738095 1.447619 1.566667 1.566667 1.590476 1.77619 1.271429 1.638095 1.490476 1.285714 1.585714 1.385714 2.133333 1.909524 1.947619 1.285714 1.585714 1.504762 1.647619 1.980952 1.47619 1.214286 1.742857 1.238095 2.114286 1.390476 1.061905 1.866667 1.190476 1.9 1.609524 1.807143 1.219048 1.366667 1.404762 1.328571 3.352381 2.271429 3.285714 
2.757143 1.166667 1.82381 1.804762 1.619048 2.019048 1.580952 1.471429 1.280952 1.709524 1.409524 1.633333 1.457143 1.752381 1.57619 2.228571 1.547619 2.004762 1.428571 1.552381 2.047619 2.72381 1.485714 1.221429 1.471429 1.685714 2.147619 1.957143 1.378571 2.733333 1.571429 1.404762 1.657143 1.657143 1.557143 1.747619 1.361905 1.461905 1.561905 1.233333 1.566667 1.333333 1.790476 1.795238 1.680952 1.4 1.604762 1.266667 1.5 2.009524 1.428571 1.328571 1.635714 1.171429 1.742857 1.290476 1.166667 1.42381 1.266667 1.866667 1.495238 1.457143 1.142857 1.380952 1.309524 1.157143 3.219048 1.971429 3.057143 
2.421429 1.32381 1.861905 2.12381 1.733333 2.814286 1.57619 1.819048 1.395238 1.842857 1.533333 1.795238 1.719048 2.119048 1.509524 2.666667 1.871429 2.290476 1.514286 1.6 2.166667 2.566667 1.657143 1.292857 1.7 1.719048 2.157143 1.990476 1.571429 2.690476 1.72381 1.347619 1.938095 1.938095 1.780952 2.080952 1.319048 1.495238 1.790476 1.242857 1.72381 1.490476 1.885714 2.266667 2.019048 1.704762 1.971429 1.609524 1.928571 2.519048 1.542857 1.4 2.078571 1.566667 1.9 1.542857 1.385714 1.809524 1.309524 2.642857 1.77619 1.935714 1.385714 1.538095 1.519048 1.480952 4.438095 2.695238 4.252381 
2.521429 1.171429 1.880952 1.942857 1.661905 3.566667 1.657143 1.371429 1.285714 1.428571 1.557143 1.690476 1.495238 1.657143 1.590476 2.828571 1.533333 2.509524 1.633333 1.72381 2.080952 2.304762 1.433333 1.178571 1.535714 1.671429 2.114286 1.780952 1.128571 2.566667 1.880952 1.319048 1.819048 1.819048 1.838095 2.466667 1.133333 1.366667 1.457143 1.1 1.314286 1.295238 2.490476 2.042857 1.514286 1.561905 1.485714 1.409524 1.752381 2.509524 1.471429 1.647619 1.785714 1.438095 1.978571 1.385714 1.42381 1.438095 1.038095 3.304762 1.8 2.342857 1.352381 1.780952 1.666667 1.17619 4.961905 3.209524 5.142857 
3 1.290476 2.714286 3.52381 2.661905 4.042857 2.390476 1.97619 1.6 1.833333 1.842857 2.119048 1.766667 1.990476 2.247619 5.295238 1.77619 4.22381 1.904762 2.009524 2.742857 3.042857 1.738095 1.485714 1.692857 1.733333 2.480952 2.161905 1.342857 3.157143 2.62381 2.028571 2.57619 2.57619 2.547619 3.361905 1.166667 1.580952 1.909524 1.314286 1.757143 1.8 3.138095 2.67619 2.138095 1.747619 1.838095 2.180952 2.366667 2.27619 1.442857 1.37619 2.092857 1.752381 2.085714 1.480952 1.504762 1.495238 1.057143 3.061905 2.004762 1.621429 1.533333 1.766667 1.671429 1.242857 4.67619 2.828571 4.780952 
2.714286 1.32381 1.890476 2.142857 1.890476 2.638095 1.704762 1.638095 1.361905 1.733333 1.542857 2.114286 1.790476 2.142857 1.638095 2.980952 1.785714 2.552381 1.366667 1.490476 2.357143 2.552381 1.52381 1.214286 1.714286 1.604762 2.066667 1.766667 1.35 2.804762 1.752381 1.533333 1.871429 1.871429 1.657143 1.92381 1.180952 1.342857 1.519048 1.233333 1.719048 1.580952 2.195238 2.657143 1.828571 1.52381 1.909524 1.795238 1.990476 1.857143 1.595238 1.07619 2.114286 1.77619 1.992857 1.457143 1.519048 1.509524 1.342857 2.452381 1.8 1.664286 1.542857 1.747619 1.504762 1.17619 3.538095 2.409524 3.528571 
2.407143 1.495238 2.080952 3.242857 2.566667 4.461905 2.280952 2.404762 1.895238 2.490476 2.147619 3.185714 2 2.72381 2.133333 5.333333 2.161905 4.333333 1.385714 1.609524 2.609524 2.452381 1.666667 1.5 1.835714 1.757143 2.461905 2.02381 1.557143 2.647619 2.657143 1.757143 2.438095 2.438095 1.938095 2.995238 1.261905 1.904762 2.290476 1.6 2.614286 2.171429 4.37619 4.338095 2.190476 2.014286 3.266667 2.185714 2.509524 2.704762 1.942857 1.328571 1.907143 1.609524 2.092857 1.533333 1.37619 1.685714 1.214286 4.252381 2.128571 2.628571 1.447619 1.885714 1.895238 1.171429 6.514286 3.785714 6.895238 
3.578571 1.395238 1.633333 2.119048 1.890476 3.642857 1.614286 1.866667 1.204762 1.819048 1.490476 2 1.880952 2.361905 1.538095 3.095238 2.028571 2.657143 1.266667 1.3 1.866667 2.97619 1.452381 1.121429 1.764286 1.42381 1.72381 1.528571 1.214286 3.385714 1.704762 1.395238 2.095238 2.095238 1.447619 2.12381 1.019048 1.242857 1.785714 1.1 1.795238 1.609524 2.157143 2.3 1.87619 1.452381 2.12381 2.066667 2.380952 3.333333 2.166667 1.685714 1.785714 1.566667 2.05 1.614286 1.585714 1.485714 1.290476 3.847619 1.857143 3.057143 1.347619 1.728571 1.538095 1.290476 7.114286 4.142857 7.085714 
3.185714 1.514286 2.257143 2.571429 2.12381 5.419048 1.838095 2.457143 1.504762 2.195238 1.761905 2.490476 1.819048 2.27619 1.780952 4.104762 2.019048 3.357143 1.038095 1.147619 2.590476 2.985714 1.390476 0.9285714 1.392857 1.552381 2.266667 1.938095 1.342857 3.033333 1.980952 1.528571 2.095238 2.095238 2.366667 3.6 1.266667 1.547619 2.304762 1.447619 2.285714 1.738095 3.195238 3.261905 2.195238 1.804762 2.97619 1.980952 2.095238 2.861905 1.838095 1.152381 1.971429 1.790476 2.328571 1.5 1.57619 1.604762 0.9666667 4.438095 1.952381 3.121429 1.480952 1.880952 1.690476 1.17619 5.738095 3.757143 6.109524 
2.435714 1.261905 2.138095 2.42381 1.904762 4.071429 1.590476 1.828571 1.319048 1.914286 1.685714 2.328571 1.647619 2.228571 1.628571 4.07619 1.77619 3.466667 0.9619048 1.047619 1.42381 2.019048 1.280952 0.6785714 1.364286 1.27619 1.22381 1.080952 1.121429 2.304762 1.947619 1.32381 2.138095 2.138095 2.042857 2.852381 1.052381 1.352381 1.733333 1.214286 1.995238 1.680952 3.3 3.152381 1.866667 1.771429 2.285714 1.752381 2.07619 2.247619 1.580952 1.204762 1.414286 1.3 1.407143 1.361905 1.357143 1.333333 1.052381 3.495238 1.328571 1.471429 1.052381 1.1 1.214286 1.161905 3.57619 2.895238 3.671429 
2.242857 1.090476 1.661905 1.995238 1.42381 3.595238 1.371429 1.519048 1.161905 1.457143 1.290476 1.880952 1.404762 1.857143 1.319048 2.428571 1.595238 1.990476 0.9619048 1.085714 1.266667 1.728571 0.847619 0.8142857 0.9428571 1.209524 1.285714 1.080952 0.8785714 2.014286 1.838095 1.214286 1.542857 1.542857 1.557143 2.209524 1.209524 1.147619 1.438095 1.057143 1.466667 1.552381 2.242857 2.319048 1.37619 1.27619 1.595238 1.390476 1.57619 2.814286 1.304762 1.257143 1.371429 1.2 1.557143 1.157143 1.261905 1.180952 0.9857143 3.438095 1.333333 2.278571 1.038095 1.347619 1.233333 1.128571 4.885714 3.142857 5.095238 
2.951786 1.57619 2.22381 2.82381 2.342857 4.595238 2.1 2.085714 1.404762 1.914286 1.761905 2.480952 2.238095 2.695238 2.028571 4.495238 2.47619 3.82381 1.404762 1.485714 1.87619 2.614286 1.647619 1.157143 1.7 1.690476 1.966667 2.219048 1.257143 2.814286 2.328571 1.780952 2.57619 2.57619 1.92381 2.833333 1.280952 1.404762 1.895238 1.22381 1.771429 1.895238 3.161905 3.17619 2.090476 1.804762 2.309524 2.171429 2.804762 2.92381 1.952381 1.561905 1.892857 1.619048 1.9 1.695238 1.625 1.661905 1.433333 4.357143 2.02381 2.428571 1.52381 1.742857 1.704762 1.309524 5.828571 3.72381 6.119048 
3.964286 1.009524 1.838095 2.090476 1.552381 2.671429 1.409524 1.795238 1.219048 1.728571 1.37619 1.852381 1.366667 1.828571 1.309524 2.557143 1.609524 2.009524 1.695238 1.92381 2.166667 3.595238 1.52381 1.45 1.45 1.995238 2.457143 2.414286 1.807143 4.052381 2.052381 1.257143 1.652381 1.652381 1.695238 2.195238 1.27619 1.352381 1.6 1.233333 1.628571 1.519048 2.704762 1.995238 2.6 1.304762 1.761905 1.485714 1.657143 1.942857 0.9428571 0.9809524 2.021429 1.504762 1.95 1.285714 1.357143 1.557143 1.138095 2.22381 1.804762 2.85 1.371429 1.733333 1.609524 1.028571 3.719048 2.180952 3.604762 
3.457143 2.009524 2.833333 4.014286 3.47619 3.709524 3.038095 3.342857 1.961905 3.095238 2.590476 4.428571 2.747619 4.02381 2.819048 7.4 3.147619 6.371429 1.8 2.033333 3.447619 3.571429 2.309524 1.978571 2.278571 2.1 3.328571 2.971429 1.707143 3.47619 3.02381 2.561905 3.695238 3.695238 2.261905 2.880952 1.719048 2.147619 2.957143 2.147619 2.866667 2.914286 3.733333 5.109524 3.466667 2.638095 3.5 3.62381 3.966667 2.97619 2.390476 1.328571 2.85 2.452381 2.635714 2.433333 2.442857 2.304762 1.4 3.252381 2.847619 2.342857 2.019048 2.352381 2.47619 1.466667 5.5 3.361905 5.352381 
2.257143 1.533333 2.214286 2.604762 2.32381 3.342857 1.985714 1.728571 1.519048 1.857143 1.771429 3.004762 2.37619 2.557143 1.828571 4.904762 2.252381 4.395238 0.9857143 0.9666667 1.628571 1.871429 1.161905 0.7 0.9785714 1.252381 1.652381 1.585714 0.6 1.847619 2.361905 1.652381 2.595238 2.595238 1.785714 2.314286 1.233333 1.414286 1.6 1.514286 2 2 3.166667 3.804762 1.295238 1.690476 2.557143 2.357143 3.104762 2.914286 1.790476 1.014286 1.414286 1.038095 1.2 1.561905 1.204762 1.228571 1.009524 2.909524 1.114286 1.407143 1 0.852381 0.8809524 1.090476 4.171429 2.642857 3.719048 
2.664286 1.157143 1.557143 2.028571 1.666667 4.028571 1.6 1.947619 1.285714 2.028571 1.738095 2.014286 1.538095 2.461905 1.609524 3.209524 1.861905 2.685714 1.233333 1.342857 2.219048 2.542857 1.414286 1.1 1.407143 1.595238 2.161905 2.02381 1.271429 2.552381 1.780952 1.261905 1.857143 1.857143 1.590476 2.466667 1.219048 1.290476 1.790476 1.228571 1.880952 1.514286 2.771429 2.595238 2.004762 1.871429 1.780952 1.9 1.952381 2.404762 1.433333 0.9952381 1.971429 1.67619 1.95 1.528571 1.52381 1.728571 1.028571 3.395238 1.744048 1.257143 1.361905 1.477381 1.444048 0.9095238 4.104762 2.961905 4.304762 
3.335714 1.061905 2.004762 2.419048 1.938095 3.942857 1.638095 1.814286 1.171429 1.680952 1.580952 1.961905 1.342857 1.904762 1.447619 4.138095 1.538095 3.433333 1.014286 1.019048 1.538095 2.67619 1.152381 0.8 1.092857 0.9761905 1.347619 1.228571 0.9928571 2.747619 1.809524 1.1 2.057143 2.057143 1.880952 2.919048 1.342857 1.152381 1.62381 1.17619 1.785714 1.395238 2.857143 2.704762 1.638095 1.514286 1.595238 1.709524 1.909524 2.257143 1.233333 0.9809524 1.742857 1.366667 1.65 1.290476 1.27619 1.219048 0.9857143 3.138095 1.230952 1.292857 1.209524 1.169048 0.9642857 0.9714286 4.104762 2.752381 4.190476 
3.342857 1.342857 2.009524 2.4 1.938095 3.6 1.938095 2.22381 1.4 2.219048 1.847619 2.419048 1.557143 2.514286 1.7 3.628571 1.895238 3.195238 1.5 1.814286 2.595238 3.252381 1.561905 1.364286 1.592857 1.838095 2.509524 2.114286 1.592857 3.395238 2.247619 1.395238 2.228571 2.228571 1.861905 2.342857 1.633333 1.509524 2.052381 1.642857 2.319048 1.695238 3.009524 2.938095 2.438095 1.928571 1.971429 2.080952 2.12381 1.909524 1.580952 1.17619 2.414286 1.933333 2.25 1.519048 1.571429 1.838095 1.366667 2.971429 1.938095 1.723214 1.647619 1.714286 1.580952 1.27619 3.72381 2.433333 3.757143 
3 1.390476 1.895238 2.747619 2.328571 2.942857 2.119048 1.866667 1.371429 2.038095 1.766667 2.7 1.928571 2.504762 1.961905 4.904762 2.066667 4.219048 0.9904762 1.138095 1.452381 2.338095 1.019048 0.55 0.8357143 1.304762 1.471429 1.42381 0.9428571 2.62381 2.233333 1.614286 2.433333 2.433333 1.495238 1.971429 1.357143 1.414286 1.752381 1.585714 1.933333 1.928571 3.138095 3.390476 1.714286 1.642857 2.414286 2.266667 2.566667 2.066667 1.780952 1.042857 1.364286 1.228571 1.635714 1.509524 1.27619 1.433333 1.109524 2.880952 1.238095 1.635714 1.047619 1.071429 1.095238 1.133333 4.17619 2.766667 4.209524 
3.385714 1.261905 1.785714 2.6 1.852381 3.171429 1.871429 1.890476 1.219048 2.009524 1.72381 2.442857 1.780952 2.242857 1.733333 4.028571 1.752381 3.185714 1.414286 1.466667 2.038095 2.890476 1.366667 0.85 1.314286 1.495238 2.1 1.947619 1.414286 3.009524 2.014286 1.352381 2.12381 2.12381 1.685714 2.133333 1.295238 1.242857 1.638095 1.361905 1.895238 1.619048 2.847619 3.128571 1.985714 1.728571 1.861905 2.004762 2.27619 1.852381 1.361905 1.133333 1.964286 1.571429 1.778571 1.438095 1.5 1.5 1.047619 2.752381 1.419048 1.6 1.271429 1.214286 1.204762 1.066667 4.104762 2.42381 4.042857 
3.45 1.033333 2.033333 3.233333 2.6 6.166667 2.366667 1.9 1.1 1.966667 2.166667 2.1 1.766667 2.3 2.333333 5 1.733333 3.8 2.166667 2.133333 1.966667 2.966667 1.233333 1.5 1.15 1.1 1.6 1.566667 0.6 2.933333 1.966667 1.566667 2.566667 2.566667 2.133333 3.133333 1.633333 1.2 1.766667 1.433333 2.066667 1.4 3.733333 2.833333 1.733333 2.066667 2.4 2.3 2.633333 2.666667 1.366667 1.533333 2.05 1.5 1.85 1.433333 1.2 1.466667 0.7333333 5.733333 1.566667 2.1 1.533333 1.133333 1.066667 0.9333333 3.3 3.966667 3.866667 
