78.42857 65.42857 63.95238 60.66667 55.85714 62.42857 62.04762 62.28571 60.95238 64.7619 60.28571 66.47619 58.47619 64.09524 61.80952 58.85714 60.80952 57.71429 71.09524 68.04762 72.57143 71.95238 67.47619 64.42857 63.5 66.14286 68.61905 70.04762 69.14286 70.09524 63.57143 60.52381 57.71429 57.71429 66.42857 65.71429 72.61905 60.19048 59.38095 67.71429 66.14286 61.2381 74.61905 68.85714 67.66667 58.90476 63.61905 58.57143 59.04762 66.66667 63.90476 71.14286 71.28571 69.19048 70.85714 64.42857 71.66667 75.80952 72.04762 60.95238 64.57143 69.35714 69.95238 66.95238 69.04762 73.38095 61.14286 63.66667 61.09524 
61.64286 49.52381 46.28571 46.09524 37 52.14286 50.04762 51.04762 47.14286 55.38095 47.42857 50.71429 43.42857 50.61905 49.57143 41.61905 47.33333 39.2381 74.04762 71.95238 64.38095 60.33333 64.38095 68.64286 56.07143 69.14286 65.61905 63.71429 62 58.61905 49.47619 47.19048 38.90476 38.90476 51.19048 53.33333 59.47619 47.28571 46.71429 55 51.95238 46.38095 57.85714 49.04762 57.57143 46.47619 44.42857 40.90476 42.33333 55.61905 45.61905 56.80952 64.07143 62.7619 63.21429 53.19048 62.57143 67.42857 62.14286 49.19048 56 64.71429 64.61905 58.38095 60.14286 61.04762 53.80952 51.80952 52.66667 
62.14286 62.38095 66.57143 64.38095 61.66667 69.14286 61.7619 63.7619 62.80952 70.85714 60.38095 74.09524 60.38095 64.33333 61.2381 66.19048 58.71429 63.95238 75.90476 71.09524 70.7619 64.28571 71.52381 72.64286 66.92857 68.71429 69.33333 70.28571 59.78571 60.14286 68.2381 63.33333 63.04762 63.04762 68.28571 70.7619 69.52381 61.57143 63.71429 71.42857 69.57143 65.71429 80.14286 76.2381 60.47619 58.61905 72.28571 65.28571 64.95238 66.57143 60.04762 67.33333 67.57143 65.47619 61.78571 56.95238 62 65.7619 68.33333 64.85714 59.57143 62.14286 68.38095 60.19048 64.90476 64.38095 61.66667 66.52381 62.57143 
83.07143 64.71429 64.09524 76 64.09524 69.85714 74.66667 71.33333 76.47619 67.95238 76.66667 76.71429 60.09524 75.33333 73.80952 71.2381 66.42857 66.85714 65.33333 59.47619 64.09524 69.19048 63.57143 63.28571 66.07143 54.42857 59.14286 56.19048 71.5 71.71429 80.33333 69.14286 60.95238 60.95238 67.42857 70.33333 69.52381 72.19048 67.90476 69.19048 67.71429 78.2381 84.7619 78.42857 71.38095 76.19048 70.61905 65.47619 61.28571 76.14286 66.80952 79.38095 70.71429 73.57143 71.85714 68.19048 78.09524 76.7619 78.71429 69.47619 66.66667 59.14286 69.71429 65.33333 63.28571 77 76.52381 70.80952 75.52381 
94.78571 74 71.19048 75.47619 72.38095 72.04762 77.38095 77.85714 76.42857 76.85714 77.38095 82.38095 72.38095 81.80952 78.19048 76.04762 78.95238 72.04762 80.19048 77.90476 85.04762 86.42857 81.28571 78.07143 79.92857 77.57143 80.28571 80.71429 80.14286 86.33333 78.04762 77.19048 70.71429 70.71429 71.28571 71.85714 74.09524 75.80952 76.04762 76.90476 76.61905 76.47619 85.90476 84.19048 80.66667 77.14286 81.7619 78 73.80952 76.38095 70.80952 80.38095 85.85714 87.71429 85.5 78.90476 88.38095 87.42857 81.61905 69.7619 84.14286 86.71429 86.7619 83.04762 83.47619 82.14286 78.80952 71.47619 78.47619 
81.64286 69.85714 72.33333 73.19048 72.7619 70.80952 72.38095 78.14286 71.52381 72.19048 70.47619 80.80952 66.19048 76.95238 73.52381 77.2381 70.61905 73.52381 81.61905 79.14286 78.61905 76.28571 78 77.28571 78.35714 76.80952 76.90476 75.95238 76.42857 77.2381 74.66667 75.38095 72.04762 72.04762 72.19048 73.66667 68.71429 71.90476 75 70.28571 69.90476 71.80952 84.66667 84.52381 78.2381 70.61905 78.61905 76.19048 72.52381 72.95238 64.19048 76.2381 79.5 82.04762 76.14286 73.57143 81.57143 78.38095 74.80952 67.14286 76.57143 72.78571 78.95238 75 77.47619 74 72.28571 69.57143 72.57143 
90.71429 71.95238 79.19048 77.19048 79.33333 81.52381 75.14286 70.80952 71.19048 70.47619 70.66667 82.04762 72.38095 77 76.19048 83.42857 72.66667 81.14286 72.09524 71 76.04762 76.71429 71.61905 67 69.64286 71.33333 74.47619 73.14286 68.35714 75.61905 78.80952 78.66667 79.47619 79.47619 78.61905 82.28571 65.19048 70.28571 70.33333 69.85714 71.38095 73.85714 88.38095 86.66667 69.47619 70.80952 84.71429 80.09524 79.52381 79.66667 66.28571 82.90476 75.28571 77.04762 74.78571 70.14286 79.19048 77.7619 76 77.61905 75.09524 80.28571 76.04762 73.80952 75.2381 69.80952 82.52381 77.66667 83.95238 
95.5 70.42857 77.52381 76.7619 77.09524 82.90476 74.57143 79.80952 72.38095 71.71429 73.66667 80.66667 69.71429 78.85714 75.52381 82.80952 72.09524 79.38095 80.80952 78.80952 83.90476 86.33333 81.14286 76.21429 79.57143 78.66667 81.2381 80.38095 79 85.66667 78.90476 77.42857 75.85714 75.85714 77.28571 82.33333 69.90476 71.52381 77.28571 72.71429 72.85714 74.09524 88.57143 85.33333 79.42857 75.2381 82.47619 77.38095 75.2381 79.14286 69.28571 80.04762 84.78571 86.71429 84 73.42857 85.04762 79.80952 75.7619 80.33333 86.09524 86.92857 86.04762 86.47619 87.57143 66.66667 84.90476 80.66667 86.95238 
99.5 76.66667 76.95238 80.09524 78.04762 76.14286 83.80952 85.71429 88.14286 80.85714 88.14286 89.66667 74.85714 85.71429 82.33333 83.38095 80.57143 81.38095 86.14286 84.61905 90.61905 91.2381 86.95238 81.57143 85.57143 85.66667 87.19048 86.61905 87.35714 90.7619 81.90476 79.52381 75.80952 75.80952 77.38095 77.57143 82 87.7619 83.66667 82.61905 82.66667 82.80952 89.33333 91.09524 88 86.09524 87.33333 78.57143 76.14286 86.28571 76.95238 92.19048 92.35714 94.42857 91.64286 84.33333 95.19048 94.33333 90.57143 73 92.42857 92.42857 91.80952 92.14286 91.85714 86.90476 87.38095 73.57143 83.57143 
91.57143 85.42857 83.33333 84.2381 84.90476 78.19048 86.57143 77.85714 82.61905 76.57143 85 83.90476 81.61905 89.09524 86.95238 88.09524 85.66667 85.90476 72.33333 69.28571 75.57143 77.66667 73.66667 67 70 66.52381 69.52381 68.90476 76.57143 77.61905 85.85714 86.2381 81.95238 81.95238 83.52381 80.38095 69.14286 81.28571 76.09524 72.14286 73.85714 82.09524 90.71429 86.71429 77.28571 83.85714 79.14286 85.09524 81.7619 81.28571 84.7619 83.80952 77.35714 85.7619 81.71429 83.90476 90.47619 89.28571 85.42857 78.28571 79.61905 68.92857 80 75.7619 74.71429 88.33333 85.09524 79.2381 84.42857 
80.42857 69.61905 70.90476 75.85714 72.80952 70.38095 77.09524 77.38095 76.66667 72.95238 77.61905 78.52381 68.71429 76.85714 77.33333 80.28571 74.38095 76.61905 78.95238 72.85714 69.38095 72 72.80952 73.57143 70.85714 65.57143 66 66 65.64286 70.38095 77.90476 75.2381 70.14286 70.14286 70.90476 73.28571 64.04762 76.66667 77.42857 73.61905 74.80952 74.09524 83.7619 81.19048 70.28571 75.57143 78.66667 73.7619 69.38095 71.85714 66.28571 72.09524 70.35714 76.47619 71.07143 68.33333 75.90476 75.42857 73.85714 67.28571 74.90476 69.21429 75.38095 72.28571 73.71429 71.95238 72.09524 71.57143 72.33333 
90.35714 74.47619 81.19048 83.38095 85 78.2381 81.80952 74.09524 78.71429 71.47619 80.47619 85.28571 74.95238 80.42857 82.19048 89.95238 76.80952 88 70.42857 69.2381 74.90476 75.04762 69.57143 66.42857 68 71.42857 74.71429 75 67.78571 73.57143 84.80952 81.19048 80.95238 80.95238 79 81.33333 68.66667 76.19048 72.61905 73.90476 74.38095 80.95238 88.42857 88.7619 69.04762 79.61905 85.7619 80.61905 77.7619 76.09524 70.38095 80.47619 74 80.95238 76.5 73.57143 84.04762 83.80952 83.14286 72.19048 78.52381 77.07143 77.80952 74.28571 75.85714 81.33333 80.80952 73.95238 81.61905 
96.42857 82.04762 78.09524 82.52381 80.66667 67.33333 84 81.2381 84.19048 78.52381 86.33333 88.09524 79.61905 87.09524 83.33333 85.28571 83.28571 83.28571 81.61905 77.7619 84.85714 85.52381 81.71429 74.35714 77.07143 78.19048 82.2381 80.47619 78.42857 83.57143 84.90476 80.7619 78 78 76.2381 71.7619 73.80952 82.28571 79.04762 76.38095 78.61905 84.14286 89.52381 89.57143 80.42857 84.42857 85.42857 79.90476 77.71429 74.71429 79.85714 79.71429 84.5 85.28571 79.57143 79.66667 88.57143 87.95238 81.66667 67.52381 80.90476 80.21429 81.90476 77 76.38095 82.71429 78.38095 71.09524 78.38095 
88.78571 76.28571 71.2381 82.7619 77.61905 61.61905 85.66667 81.90476 82.71429 78.85714 86.04762 83.95238 77.38095 88.52381 85.95238 84.7619 86.28571 79.71429 79.80952 74.90476 76.90476 78.09524 77.19048 75.57143 73.5 72.71429 74.33333 73.19048 76.21429 77.80952 84.47619 82.2381 73.66667 73.66667 70.19048 67.04762 74.09524 81.33333 78.95238 80.85714 81.85714 81.38095 90.09524 85.80952 79.42857 84.85714 83.2381 79.90476 74.80952 67.09524 70.42857 70.57143 75.71429 80.85714 75.28571 80.80952 86.57143 81.66667 76.42857 60.2381 77.33333 74.35714 77.7619 75.28571 75.71429 77.09524 69.90476 65.09524 71.38095 
90.35714 75.7619 72.28571 76.52381 73.14286 66.04762 79.66667 87.90476 82.7619 81 85.14286 87.09524 77.38095 86.42857 81.42857 80.14286 83.85714 76.2381 83.90476 79.28571 74.71429 80.71429 81.57143 81.42857 77.85714 74.38095 73.38095 73.2381 74.5 80.85714 78.52381 78.2381 74.28571 74.28571 72 68.57143 71.95238 84.57143 87.66667 82.14286 84.28571 78.33333 87.71429 89.52381 79.52381 81.95238 90.04762 79.19048 76.47619 67.66667 70.90476 66.52381 74 75.61905 68.07143 75.52381 81.04762 76.7619 74.28571 65 69.57143 71.92857 74.57143 64.95238 67.33333 73.42857 73.47619 68.52381 75.04762 
86.21429 73.19048 76.42857 77.09524 78.04762 74.85714 77.85714 71.47619 72.33333 70.33333 77.04762 77.61905 73.66667 77.09524 78.80952 83 76.33333 80.71429 81.14286 78.57143 73.66667 76.80952 78.09524 76.07143 72 75.95238 74.90476 75.61905 68.07143 74.2381 78.90476 77.61905 77.2381 77.2381 76.38095 77.14286 67.47619 71.42857 69.95238 69.38095 69.66667 72.2381 85.14286 82.09524 70.57143 74.19048 78.71429 78 76.61905 78.80952 71.42857 76.90476 73.14286 75.04762 71.85714 72.33333 79.2381 79.52381 76.71429 70.90476 68.38095 69 73.95238 67.04762 66.90476 77.80952 83.80952 73.85714 82.2381 
81.28571 72.66667 70.52381 73.52381 73.42857 62.66667 71.80952 68.7619 71.28571 70.09524 72.61905 75.04762 72.95238 74.7619 71.57143 81.09524 73.80952 78.42857 79.85714 76.2381 66.57143 70.04762 70.38095 73.92857 64.5 71.2381 70 71 65.71429 69.28571 75.42857 70.71429 73 73 68.90476 65.95238 68.09524 68.85714 65.47619 73.85714 72.57143 70.14286 84.09524 78.66667 67.2381 68.57143 76.42857 73 73.28571 64.71429 66.90476 64.71429 64.92857 64.61905 57.78571 65.09524 69.38095 66.52381 61.52381 58.95238 57.14286 67.42857 66.90476 54.38095 57.2381 66 70.57143 62.57143 70.71429 
85.78571 67.28571 63.90476 68.90476 64.71429 57.2381 65.19048 74.52381 66.57143 73.90476 68.80952 72.90476 64.71429 71.09524 66.2381 74.80952 70.19048 70 84.90476 81.33333 72.61905 77.2381 78.85714 80.85714 73.71429 76 73.38095 72.04762 68.71429 75.66667 70.71429 63.33333 64.09524 64.09524 62.7619 60.38095 75.14286 66.52381 72.85714 72.57143 71.7619 67.61905 80.71429 76.52381 70.57143 66.14286 74.95238 65.80952 64.85714 65.33333 65.33333 67.57143 69.78571 71 60.64286 66.28571 74.04762 68.71429 66.09524 55.09524 63.2381 67.71429 70.33333 59.2381 62.19048 66.2381 69.28571 59.14286 68.14286 
82.64286 60 63.28571 68.95238 66.85714 64.71429 67.38095 79.38095 71.57143 85.80952 70.52381 79.2381 59.14286 68.71429 68.28571 77.42857 64.19048 73.66667 86.42857 81.19048 65 71.04762 74.47619 78.92857 73.85714 70.2381 66.14286 66.2381 60.21429 70.33333 69.85714 65.52381 65.14286 65.14286 63.71429 68.04762 82.42857 72.19048 79.52381 82.57143 84.19048 69.71429 81.61905 84 66.95238 69.52381 85.38095 64.61905 62.90476 60.38095 55.71429 56.85714 62.28571 58.28571 54.5 58.04762 64.95238 62.80952 58.85714 57.57143 53.09524 62.28571 59.80952 53.28571 56 57.2381 58.38095 61 61.09524 
92.71429 74.14286 75.85714 81.04762 76.47619 72.95238 81.52381 83.47619 81.57143 82.52381 83.61905 82.28571 76.33333 85.19048 82.57143 82 83.90476 78.90476 82.7619 78.85714 79.33333 81.52381 80.19048 78.28571 76.85714 74.95238 77.7619 78.61905 73.42857 79.85714 81.52381 79.19048 76.66667 76.66667 75.04762 76.57143 78.95238 80.95238 80.95238 83.04762 83.80952 80 82.28571 84.85714 77.52381 83.42857 85 80.14286 78 76.19048 71.61905 75.09524 78.71429 78.66667 74.57143 76.66667 84.19048 79.14286 77.85714 70.7619 72.47619 81.92857 77.57143 72.33333 73.33333 73.42857 79.38095 74.7619 80.61905 
92.92857 81.47619 80.66667 86.57143 86.90476 77.09524 89.71429 85.52381 87.57143 78.2381 89.57143 87.33333 83.90476 91.04762 88.90476 90.57143 88.71429 88.61905 80.85714 78.33333 82.14286 84.09524 82.14286 77.07143 80.28571 77.47619 79.42857 79.04762 84.21429 85.2381 86.57143 86.61905 84.7619 84.7619 81.2381 80.42857 71.2381 86.47619 82.42857 80.57143 81.95238 84.57143 87.47619 88.47619 85.2381 88.52381 84.19048 86.66667 85.57143 76.66667 80.95238 78.90476 82.78571 87.71429 82.42857 84.95238 91.52381 88.95238 83.42857 73.61905 82.2381 78.35714 83.57143 77.66667 77.47619 84.80952 83 75.09524 84.04762 
93.5 74.47619 70.2381 78.19048 74.85714 61.7619 79.85714 77.71429 79.7619 72.7619 82.52381 83.47619 74.66667 79.28571 80 79.85714 79.66667 77.04762 83.28571 79.57143 79.66667 82.80952 80.52381 77.57143 76.21429 77.04762 79.33333 80.09524 78.21429 84.14286 79.33333 76.28571 73.52381 73.52381 68.42857 67.80952 71.7619 76.61905 73.47619 76.42857 76.42857 79.2381 82.71429 84.61905 80.57143 79.66667 81.52381 76.28571 74.71429 60.38095 73.52381 66.52381 80.92857 84.61905 78.92857 79.95238 88.85714 85.04762 80.57143 57.95238 75.47619 74.42857 81.19048 73.71429 71.95238 79.28571 67 62.85714 70.2381 
77.5 72.2381 78.66667 78.85714 76.47619 78.09524 78.28571 77.61905 79.47619 72.95238 81.52381 80.2381 72.04762 77.2381 78.38095 83.04762 72.09524 79.61905 79.57143 76.09524 65.33333 68.66667 72.61905 72.14286 69.64286 70.38095 68.09524 69.42857 62.21429 67.61905 79.2381 75.2381 75.42857 75.42857 79 82.38095 67.90476 78 75.80952 74.66667 75.52381 76.66667 82.66667 83.85714 68.61905 78.38095 80.09524 75.42857 75.66667 72.66667 68.28571 72.33333 66.78571 70 69.78571 67.33333 71.80952 74.95238 74 73.61905 68 72.92857 70.52381 68.14286 71.95238 71.90476 77.14286 76.57143 79.14286 
90.85714 84.85714 85.47619 84.95238 84.19048 83.85714 86.85714 79.33333 83.04762 77.7619 85.61905 85.57143 84.95238 87.85714 87.28571 87.2381 84.52381 84.66667 71.14286 67.66667 65.66667 73.38095 71.57143 68.64286 70.57143 63.19048 65.66667 67.19048 72.28571 74.7619 85.28571 85.38095 83.33333 83.33333 86.09524 86.66667 75.42857 80.19048 75.7619 79.04762 78.09524 84 83.2381 85.90476 74.90476 84.66667 84.7619 86.95238 85.71429 84.38095 85 82 67.78571 74.80952 70.35714 79.85714 84.57143 81.2381 77.04762 82.47619 67.7619 71.07143 72.28571 67.66667 70.66667 84.14286 89.80952 83.90476 90 
91.5 77 80.33333 77.80952 76.80952 81.52381 76.52381 79.7619 73.85714 78.66667 75.2381 80.42857 77.19048 81.38095 76.90476 82.19048 78.85714 79.80952 78.42857 74.38095 72.09524 78.09524 76 76.35714 75.57143 71.47619 72.61905 72.33333 68.71429 77 77.52381 74.42857 78.14286 78.14286 81.14286 83.52381 74.80952 71.71429 76.57143 77.71429 77.85714 77.19048 77.33333 80.90476 73.47619 76 81.80952 78.85714 78.66667 79.85714 76.28571 79.85714 76.14286 79.04762 71.28571 74.7619 83.61905 78.14286 75.71429 79.42857 70.14286 77.85714 75.66667 70.14286 73.66667 74.28571 87.33333 80.85714 88.2381 
93 79.19048 83 83.33333 82.61905 81.33333 81.7619 83.2381 83 85.52381 83 84.95238 81.47619 83.52381 81.66667 86.2381 81.95238 83.61905 81.47619 80.04762 75.33333 80.80952 78.71429 79.21429 77.35714 78.38095 77.42857 77.52381 65 77.47619 82.95238 80.19048 81.2381 81.2381 83.2381 85.52381 85.09524 82.19048 83.04762 84 84.71429 83.57143 81.95238 83.38095 70.7619 80.2381 86.42857 84.19048 82.95238 76.04762 77.7619 78 78.71429 79.04762 75 73.61905 78.57143 81.38095 80.66667 78.04762 75.42857 82.71429 79.38095 73.2381 74.90476 77.66667 86.28571 81.14286 89.28571 
93.28571 76.85714 79.90476 82 78.28571 77.57143 81.57143 87.38095 84.57143 85.19048 84.66667 86.7619 76.66667 81 81.95238 83.90476 79.09524 81.19048 85.19048 82.28571 71.61905 79.33333 78.61905 81.5 78.71429 76 72.19048 72.09524 69.5 79.52381 81.7619 77.47619 77.66667 77.66667 79.09524 83.38095 86.28571 83.19048 85.71429 85.2381 86.85714 84.71429 79.57143 84.14286 77.09524 82.85714 87 77.80952 78.28571 82.19048 77.71429 83.09524 76.5 77.33333 75.57143 75.80952 80.57143 79.42857 79.2381 74.33333 72.2381 74.85714 75.85714 73.85714 74.52381 79.71429 87.95238 80.95238 87.52381 
82.64286 73.47619 76.61905 75 71.7619 74.14286 73.28571 69.57143 70.42857 73.14286 73.57143 80 74.14286 74.33333 72.42857 78.47619 73.33333 75.71429 73.66667 73.28571 61.19048 67.33333 67.04762 68.92857 62.92857 71 66.95238 69.90476 58 66 75.7619 69.42857 72 72 76.95238 80.47619 75.66667 67.80952 66.66667 72.66667 72.7619 75 80.85714 79.85714 63.09524 72 78.61905 71.90476 74.47619 76.09524 72.42857 77.09524 65 67.42857 65.78571 66.80952 70.42857 73.33333 75.95238 71 60.85714 73.5 68.71429 61.28571 64.7619 73.61905 81.71429 76.47619 83.80952 
82.64286 71.57143 78.09524 79.80952 74.80952 75.7619 76.90476 69.52381 77.95238 75.90476 78.71429 82.14286 74.2381 74.47619 76.04762 81.90476 73 78.95238 69.38095 65.61905 55.42857 64.42857 62.33333 66.21429 60.35714 59.09524 57.80952 57.7619 55.14286 64.14286 80.09524 72.19048 75 75 78.66667 82.85714 76.7619 73.80952 68.33333 79.7619 79.7619 81.95238 81.80952 80.95238 60.19048 74.47619 81.33333 74.71429 76.38095 71.19048 69.42857 72.71429 59.35714 60.09524 61.64286 64.95238 66.28571 69 69.42857 69.66667 54.85714 67.21429 60.42857 56.2381 58.7619 68.14286 81.57143 75.57143 84.04762 
93.42857 75.19048 80.47619 81.66667 79.90476 79.42857 79.71429 82.52381 78.52381 81.47619 79.57143 84.38095 77.33333 78.47619 79.61905 84.33333 74.42857 82.57143 83.19048 79.14286 81.61905 84.71429 81.42857 80.57143 79.28571 78.80952 80.7619 81.14286 71.14286 81.38095 81.09524 76.80952 80.09524 80.09524 81.04762 85.09524 77.61905 77.90476 81.7619 78.71429 80.90476 82.71429 77 83.61905 75.90476 80.09524 84.57143 78.7619 81.28571 75.42857 71.57143 78.33333 85.07143 84.52381 79.64286 72.90476 83.14286 81.47619 79.66667 75.04762 80 86.28571 84.09524 79.09524 81.52381 75.61905 85.2381 81.42857 88.33333 
91.42857 70.04762 77.61905 79.61905 77.19048 70.47619 77.66667 75.38095 77.52381 75.42857 79.90476 84.2381 73 75.85714 77.47619 83.52381 71.71429 81.04762 78.28571 79.09524 78.61905 82.95238 78.71429 75.14286 75 81.47619 81.33333 80.2381 69.42857 78.85714 80.2381 73.09524 77.14286 77.14286 77.09524 78.66667 77.85714 75.33333 72 77.19048 77.47619 79.28571 83 85.2381 74.90476 77.2381 81.85714 74.95238 77.04762 73.38095 67.42857 75.52381 79.28571 80.66667 76.85714 69.28571 79.80952 77.47619 73 66.2381 77.66667 84 80.47619 77.33333 79.7619 68.85714 79.04762 72.85714 80.2381 
95.71429 72.38095 79.14286 82 81.14286 73.57143 78.66667 68.71429 74.04762 68.19048 77.61905 79.85714 73.09524 77 77.14286 88.38095 72.47619 86.09524 72.71429 70.85714 76.28571 84.47619 77.28571 72.57143 71.92857 71.71429 77.33333 76.90476 73.21429 80.14286 82.7619 75.09524 79.85714 79.85714 78.7619 81.28571 72.7619 69.28571 63.61905 69.71429 67.95238 78.80952 87.19048 81.04762 73.19048 74.19048 72 77.61905 78.19048 83.61905 75.90476 84.80952 78 79.66667 80.14286 72.52381 81.7619 82.19048 80 71.09524 75.47619 88.57143 79.47619 75.47619 77.33333 82.04762 89.42857 78.95238 88.66667 
92.35714 76.7619 80.2381 80.85714 78 77.19048 79.85714 73.2381 77.57143 78.2381 79.28571 83.57143 76.66667 79.42857 79.66667 83.66667 75.71429 82.7619 73.85714 72.14286 68.61905 77.52381 73.80952 69.28571 72.14286 69.80952 70.28571 71.47619 65.92857 76.7619 81.38095 75.04762 79.19048 79.19048 80.28571 82.80952 81.7619 75.33333 71 81.09524 81.85714 80.52381 80.7619 82.80952 69.38095 78.52381 83.47619 76.57143 78.42857 74.71429 76.90476 78.71429 75.35714 78.42857 79.85714 75.7619 82.80952 81.80952 82.61905 74.2381 74.28571 81.5 78.85714 77.33333 78.85714 79.38095 82.04762 79.2381 84.38095 
87.14286 71.85714 74.57143 75.33333 71.28571 68.47619 71.80952 67.7619 70.85714 69.61905 72.66667 77.66667 70.71429 72.47619 71.52381 78.42857 70.04762 76.04762 65.52381 63.90476 65.85714 72.80952 68.85714 64.92857 64.85714 65.80952 67.90476 69.57143 62.42857 71.95238 75.80952 68.33333 72.14286 72.14286 73.52381 76.71429 72.57143 67.38095 64.52381 72.7619 72.71429 74.7619 77.80952 76.95238 65.66667 71.42857 74.95238 71.66667 71.90476 70.66667 71.95238 73.7619 71.92857 73.42857 70.42857 68.66667 76.85714 74.52381 76.47619 65.7619 66.80952 74.42857 73.42857 67.09524 70.90476 72.19048 76.71429 73 78.57143 
92.78571 73.80952 75.2381 75.14286 72.95238 66.80952 72.57143 68.38095 71.33333 65.80952 73.52381 80.19048 71.19048 69.61905 70.90476 76.19048 68.2381 75.42857 72.38095 70.7619 72.57143 77.7619 70.14286 69.42857 65.85714 73.66667 74.52381 75.47619 66.78571 76.28571 77.42857 69.04762 72.85714 72.85714 74.42857 74.95238 75.38095 67.90476 64.33333 70.42857 68.33333 75.7619 80.09524 78.38095 68.57143 69.09524 75 72.95238 72.19048 71.42857 73.71429 73.52381 76.07143 79.33333 78.28571 71.42857 82.95238 78.19048 75.47619 64.19048 72.95238 83.78571 78.85714 75.19048 76.57143 72.57143 78.47619 71.90476 79.38095 
88.5 70 68.33333 75.52381 68.2381 60 73.52381 67.47619 69.14286 64.19048 74.85714 77.33333 69.85714 74.85714 73.52381 76.85714 70 73.14286 72.38095 70.42857 67.7619 74.52381 70.04762 68 64.07143 71.90476 70.66667 72.14286 62 71.61905 76.66667 67.85714 70.09524 70.09524 68.85714 69.71429 73.61905 64.47619 62.66667 68.2381 66.52381 75.57143 78.42857 74.42857 66 73.57143 74.19048 71.7619 71.42857 66.90476 68.80952 70.52381 68.07143 71.52381 68.42857 68.38095 76.33333 73.42857 72.52381 56 66.14286 76.5 70.52381 63.80952 65.90476 70.57143 75.04762 64.71429 75.09524 
94.35714 72.71429 74.90476 85.33333 76.61905 69.7619 81.28571 71.19048 77.47619 71.04762 80.52381 86.57143 71.7619 76.19048 78.38095 87.2381 71.52381 82.52381 69.28571 63.95238 72.57143 78.66667 70.85714 68 69.71429 64.95238 71.42857 71.57143 71 78.90476 84.95238 73.42857 76.04762 76.04762 75.66667 76.80952 78.57143 71.7619 66.28571 75.85714 74.33333 84.47619 84.66667 84.33333 72.2381 78.14286 82.71429 75.42857 75.71429 74.57143 70.66667 76.47619 74.64286 76.14286 70.28571 71.33333 80.57143 73.7619 71.33333 66.71429 69.2381 74.07143 73.33333 67.57143 69.61905 69.38095 79.42857 71.47619 79.80952 
93.28571 73.95238 76.42857 77.38095 72.90476 71.04762 76.57143 72.38095 76.38095 76.19048 78.90476 79.71429 72.66667 74.14286 75.7619 79.42857 72.19048 77.57143 75.80952 72.61905 72.47619 79.47619 71.61905 69.57143 65.21429 73.19048 74.47619 76.2381 66.07143 77.14286 78.57143 71.04762 74.66667 74.66667 76.85714 79.04762 80.28571 73.52381 70.42857 76.57143 77.38095 77.2381 79.90476 78.7619 69.09524 74.42857 78.33333 73.71429 74.7619 76.33333 72.90476 83 79.07143 84.19048 80.14286 74.71429 84.57143 83.42857 80.47619 66.57143 77.09524 87.71429 83.66667 76.04762 78.90476 76.42857 81.61905 71.71429 80.09524 
95.28571 71.47619 74.90476 73.28571 71.38095 64.47619 73.80952 65.38095 66.42857 63.28571 71 74.19048 71.28571 70.90476 73.14286 77.80952 70.14286 76.19048 73.57143 69.61905 71.47619 79.04762 70.47619 64.5 62.14286 69.14286 72.66667 72.38095 70.78571 79.61905 74.04762 69.42857 72.85714 72.85714 74.2381 73.19048 72.2381 63.47619 59.90476 65.7619 64.28571 69.7619 78.42857 73.42857 70.95238 69.7619 67.7619 69.90476 72.95238 74 69.19048 80.2381 73.92857 78.47619 77.21429 73.47619 84.57143 80.66667 77.66667 60.85714 70.71429 83.07143 75.42857 70.61905 71.7619 76.52381 80.57143 68.04762 79.52381 
72.35714 60.47619 64.42857 63.80952 55.52381 58.04762 63.04762 54.61905 59.38095 58.38095 63.14286 66 58.28571 60 60.66667 63.52381 57.57143 61.61905 65.71429 61.14286 56.85714 59.95238 60.09524 58.78571 50.57143 58.7619 60.61905 58.2381 51.64286 55.33333 67.19048 55.47619 59.14286 59.14286 65.28571 66.14286 68.33333 55.66667 50.71429 63.90476 58.38095 63.38095 73.04762 63.90476 54.28571 59.85714 61.52381 57.14286 58.61905 59.80952 57.42857 63.71429 56.42857 62 63.92857 59.90476 68.42857 71.71429 67.80952 53.38095 51.61905 63.78571 61.38095 53.09524 56.80952 66.33333 68.57143 59.57143 69.90476 
89.85714 62.38095 66.90476 69.38095 62.47619 57.2381 67.42857 67.38095 67.14286 67.09524 68.19048 77.7619 60.47619 61.95238 65.19048 73.38095 59.61905 69.95238 83.52381 78.66667 77.33333 80.61905 75.95238 79.35714 70.71429 76.85714 79.19048 73.61905 68.42857 77.66667 70.85714 60.66667 65 65 66.33333 66.61905 72.2381 65.47619 63.66667 68.61905 66.19048 68.61905 79.04762 76.85714 69.42857 65.42857 72.61905 60.57143 64.19048 72.19048 61.95238 75.28571 68.71429 66.95238 66.85714 63.19048 74.04762 71.2381 76.28571 56 60.90476 71.5 64.85714 60.80952 63.42857 72.28571 77.57143 65 76.38095 
82.07143 62.33333 65.85714 73.95238 67.85714 60.52381 72.14286 68.14286 74.14286 74.57143 74.38095 79.2381 60.09524 63.42857 70.80952 79.14286 60.85714 74.7619 82.14286 80.2381 71.95238 77.42857 79.28571 77.71429 75.85714 73.85714 72.04762 70.04762 70 75.90476 74.42857 65.95238 66.7619 66.7619 64.47619 64.85714 79.2381 71.14286 65.09524 78 77.09524 74.09524 81.04762 78.47619 72.09524 69.52381 74.47619 64.85714 64.61905 61.28571 59.04762 66.7619 69.71429 68.33333 70.57143 64.52381 72.19048 73.09524 75.19048 58 59.19048 62.78571 68.90476 61.2381 61.09524 69.14286 67.14286 60.66667 68.19048 
74.21429 62.38095 66.61905 72.19048 64.38095 60.2381 72.47619 64.2381 72.7619 75.7619 72.28571 79.19048 60.57143 65.33333 71.38095 74.66667 59.71429 71.2381 78.66667 75.38095 72.28571 73.80952 78 75.92857 71.21429 69.2381 70.2381 69.80952 62.21429 67.33333 74.09524 65.71429 65.42857 65.42857 63.19048 63.38095 76.33333 70.04762 63.7619 76.09524 76.33333 73.85714 78.95238 77.47619 64 67.7619 76.7619 65.2381 65 60.04762 55.80952 63.19048 70 64.52381 59.42857 59.04762 65.52381 67.28571 66.95238 56.57143 50 58.57143 66.71429 48.47619 52.71429 61.52381 59.2381 56.14286 58.33333 
75 58.47619 58.38095 61.14286 54.57143 59 63.61905 59.61905 60.90476 64.42857 62.09524 66.14286 57.95238 60.80952 62.33333 60.38095 57.85714 57.2381 74.09524 71.95238 63.80952 67.42857 69.28571 69.64286 60.85714 65.7619 64.42857 63.38095 57.64286 63 62.52381 58.85714 56.47619 56.47619 58.66667 59.2381 65.42857 59.33333 57.14286 62.85714 62.2381 61.09524 67.19048 64.2381 58.28571 58.85714 62.09524 59.42857 59.33333 61.14286 56.57143 63.2381 62.57143 63 62.78571 59.90476 67.09524 68.80952 67.71429 56.90476 57.14286 64.21429 63.66667 56.90476 60.61905 62.90476 67.71429 57.04762 67.52381 
78.14286 71.71429 75 74.57143 70.66667 78.90476 74.85714 67.7619 71.38095 65.80952 73.57143 79.33333 70.95238 74.71429 73.7619 77.61905 72.57143 75.52381 79.52381 77.57143 70.04762 71.71429 75.2381 74.42857 69.28571 72.2381 69.04762 69.14286 61.78571 66.57143 75.80952 70.71429 71.28571 71.28571 75.57143 79.47619 65.47619 69.04762 65.71429 71.71429 70.19048 73.09524 78.19048 79.28571 62.47619 71.61905 76.66667 72.90476 71.71429 73.66667 74.57143 76.52381 71 72.80952 71.42857 72.19048 74.52381 78.61905 81.2381 75.04762 67.47619 70.35714 73.80952 68.57143 72.38095 79.47619 80.2381 75 82.38095 
97.21429 81.80952 78.61905 76.71429 76.14286 79.80952 76.47619 71.85714 70.66667 58.52381 74.33333 70.28571 79.95238 78.14286 75.95238 80.09524 78.09524 78.38095 76.66667 76.42857 76.57143 84.95238 76 71.92857 69.5 76.61905 75.85714 76.04762 78.07143 84.04762 75.57143 75.09524 75.95238 75.95238 80.33333 80.28571 58.90476 67.90476 65.7619 58.7619 60.14286 71.71429 74 70.85714 75.80952 72.7619 68.09524 76.61905 77.61905 83.47619 81.80952 84.7619 80 84.19048 84.92857 82.57143 87.95238 89.38095 88.19048 79.57143 78 84.71429 81.04762 81.7619 81.57143 88.66667 86.04762 79.7619 85.47619 
76.57143 68.90476 66.66667 61.7619 58.33333 71.42857 63.80952 67.7619 61.57143 62.04762 62.66667 62.33333 63.71429 64.09524 62.61905 62.38095 63.42857 60.80952 72.33333 68.66667 62.66667 67.66667 68.2381 67.07143 61.92857 62.66667 59.71429 60.38095 68.64286 68.90476 62.66667 60.47619 59.80952 59.80952 68.19048 70.2381 61.09524 61.2381 63.47619 57.47619 57.85714 60.33333 63.95238 61.28571 67.09524 62.33333 57.80952 59.90476 61.04762 80.7619 72.52381 85.47619 67.07143 74.28571 79.21429 70.38095 75.85714 85.2381 88.38095 70.42857 66.85714 57.07143 70.95238 72.09524 74.61905 87.7619 79.42857 70.7619 78.19048 
93 74.04762 72.09524 73.14286 69.42857 69.42857 74.71429 74.19048 73 72.28571 74.28571 76.95238 73.38095 74.19048 73.90476 75.19048 72.61905 72.85714 83 81.28571 81.57143 83.71429 79.95238 78.71429 76.07143 77.90476 79.33333 79.47619 75.71429 81.66667 74.52381 72.19048 71.09524 71.09524 72.14286 70.33333 76 71.42857 70.28571 71.28571 71.33333 71.71429 79.66667 78.90476 75.52381 72.19048 76.38095 72.38095 74.28571 70.66667 71.28571 74.85714 83.35714 81.52381 76.35714 75.19048 83.85714 78.42857 81.09524 68.33333 74.42857 75.21429 81.19048 75.09524 78.09524 82.47619 72.33333 67.71429 72.09524 
82.42857 76.7619 72.38095 70.2381 68.19048 69.09524 74 70.28571 66.80952 71.85714 70.47619 74.61905 75 73.38095 74.33333 72.71429 72 70.90476 84.90476 83.14286 77.61905 79.57143 81.38095 82.35714 75.64286 78.19048 75.33333 77.57143 71.35714 74.95238 71.04762 71.95238 70.19048 70.19048 72.38095 69.95238 71.14286 64.47619 65.61905 69.09524 71.09524 68.90476 75.2381 75 72.14286 69.52381 73.52381 72.04762 73.47619 68.33333 76.61905 72.47619 75.5 73.52381 71.57143 74.66667 76.52381 78.57143 79.95238 68.42857 68.66667 72.35714 76.28571 68.85714 73.66667 78.95238 71.61905 67.61905 72.19048 
99.21429 83.71429 83.38095 79.42857 79.2381 83.7619 79.2381 79.19048 74.71429 77.85714 78 80.2381 81.52381 78.90476 79.90476 84.04762 80.19048 82 83.66667 81.33333 88.42857 91.71429 86.47619 80.78571 82.64286 80.85714 85.38095 85.95238 81.57143 88.28571 79.2381 79 79.90476 79.90476 84.57143 84.80952 68.14286 72.42857 74.47619 71.61905 76.14286 76.42857 82.85714 82.61905 81.28571 75.33333 81.47619 80.61905 81.66667 84.38095 81.38095 85.80952 90.78571 91.19048 87.78571 86 92.33333 88.28571 86.7619 81.7619 86.61905 91.14286 89.7619 87.57143 88.42857 85.14286 88.33333 81.33333 88.7619 
83.21429 64.85714 63.80952 62.19048 55.95238 68.19048 61.80952 66.71429 61.80952 58.2381 63.42857 65.47619 61.57143 65.19048 62.38095 61.90476 61.52381 60.28571 77.42857 75 73.71429 78.14286 77.90476 75.78571 72.07143 72.66667 70.85714 68.57143 67.35714 73.42857 63.71429 58 58.28571 58.28571 66.61905 68.33333 62.95238 61.52381 62.66667 55.09524 57.28571 62.66667 69.42857 66.42857 68.95238 64.09524 62.04762 57.61905 59.66667 65.80952 66.19048 69.85714 70.78571 69.52381 66.85714 67.71429 73.85714 73.66667 74.80952 66.52381 62.7619 74.85714 70.7619 60.38095 64.61905 75.28571 67.47619 65.28571 68.14286 
88.5 79 77.61905 81.14286 79.7619 78.85714 79.71429 79.04762 81 71.2381 82.28571 82.57143 78 82.14286 79.7619 85.66667 79.38095 84.14286 71.52381 68.71429 72.7619 78.19048 74.33333 69.85714 71.07143 67.2381 69.19048 66.61905 77.64286 80.19048 82 77.61905 78.28571 78.28571 78.33333 79.04762 72.28571 79.2381 75.71429 73.14286 75.28571 80.09524 84.85714 84.66667 77.85714 79.71429 81.47619 77.7619 78.66667 75.2381 82.2381 78.42857 78.78571 84.95238 83.5 82.85714 87.71429 87.38095 88.95238 76.90476 81.66667 66.78571 81.95238 79.85714 80.90476 88.42857 79.90476 76.47619 81.28571 
64 81.33333 77.33333 86.33333 80 59 79.33333 59.33333 77 61.66667 75.33333 89 71.66667 67 76 87.66667 65.33333 88.33333 45.33333 46 68.33333 60 62.66667 48.5 53.5 52.66667 63 58 64.5 58.33333 87.66667 72 79 79 72.33333 63 75.33333 66 55.33333 73 66.66667 88.33333 88.33333 91.33333 60.66667 70.33333 87.33333 66.33333 74 60.66667 77.33333 71 60 70.66667 80.5 74 74.66667 81 78.66667 55 65 48 66.33333 68.33333 71.66667 79.66667 73 56.66667 71 
