0.55 10.40476 13.6381 14.84286 14.4619 13.97143 13.31905 7.219048 12.37143 10.89524 11.64286 14.08095 11.10952 9.242857 12.67619 14.9 9.009524 15.06667 3.219048 2.947619 3.885714 2.014286 3.385714 3.535714 4 2.980952 3.37619 3.319048 4.478571 2.490476 15.04762 13.10476 14.05714 14.05714 13.32381 14.32857 11.58571 11.08571 8.542857 13.62381 12.70952 14.14762 15.98095 15.1 4.971429 10.42857 15.30476 12.58095 12.69524 10.90952 10.53333 7.971429 4.307143 5.171429 5.414286 6.980952 4.695238 5.409524 6.852381 12.9 4.804762 1.542857 4.595238 5.166667 4.409524 7.814286 9.780952 12.47619 10.10952 
-0.7357143 7.214286 10.60952 11.2619 11.32381 11.44762 10.1381 7.338095 10.75714 9.195238 9.990476 11.28095 8.07619 7.104762 9.838095 11.75238 6.661905 11.86667 3.347619 3.219048 3.752381 1.771429 3.495238 4.064286 4.55 2.919048 3.090476 2.690476 4.285714 2.419048 11.51905 10.1 10.9381 10.9381 10.45238 11.57143 9.2 10.40476 8.933333 10.7381 10.62381 11.19524 12.12857 12.55238 4.9 8.952381 12.87143 9.866667 9.7 8.533333 7.309524 4.833333 3.4 3.328571 3.142857 4.485714 2.557143 2.533333 3.6 10.57619 3.033333 -0.9857143 2.695238 2.938095 2.133333 4.380952 5.819048 10.05714 6.195238 
6.85 12.19048 14.70476 16.22381 15.96667 14.36667 15.15714 10.93333 15.34762 13.1619 14.62857 16.1 12.94762 11.9381 14.57619 16.38095 11.8619 16.5381 6.580952 6.833333 7.395238 6.914286 6.847619 7.042857 7.792857 7.033333 7.147619 6.67619 9.485714 8.1 16.05714 14.52381 15.47619 15.47619 14.37619 14.79048 13.02857 14.77143 12.01905 14.85714 15.04762 16.10476 16.7619 16.66667 9.761905 13.89524 16.29048 13.71905 14.17143 12.27619 11.03333 9.242857 7.342857 7.795238 8.557143 9.990476 8.361905 8.42381 8.147619 13.72381 7.790476 5.371429 6.828571 8.114286 7.319048 9.471429 11.05238 13.4 11.21429 
-0.4571429 8.404762 12.22857 10.4619 11.42381 12.71429 9.280952 5.404762 8.366667 8.347619 7.709524 9.490476 8.82381 6.890476 9.061905 11.40476 7.052381 11.93333 4.72381 5.033333 4.280952 1.995238 4.090476 5.121429 3.692857 5.3 4.557143 4.3 3.957143 2.066667 10.64286 9.9 11.70476 11.70476 12 13.20476 9.428571 8.019048 6.633333 10.45714 9.695238 9.180952 12.25238 10.35714 3.966667 6.785714 11.0381 9.77619 10.39048 8.995238 8.833333 6.128571 3.85 3.628571 3.442857 4.880952 2.947619 3.619048 4.538095 11.75714 3.17619 1.157143 3.552381 3.419048 3.157143 5.647619 7.495238 11.20476 8.004762 
6.785714 15.27619 16.78571 16.49048 16.44286 16.1381 15.95238 11.79048 15.80952 14.62381 15.39048 16.29524 15.66667 13.80952 15.73333 16.28095 14.00476 16.61905 8.728571 8.652381 8.042857 7.014286 7.990476 8.65 8.335714 8.347619 8.009524 7.866667 9.542857 7.533333 16.53333 15.7381 16.79524 16.79524 16.7619 16.70952 14.64286 15.07619 12.70476 16.02381 15.92857 16.50952 16.7381 16.53333 9.828571 14.64286 16.45238 15.4381 16.3 14.0619 15.52381 12.30476 8.935714 9.957143 9.971429 12.33333 10.14286 10.64286 12.15238 16 9.504762 6.714286 9.261905 9.895238 9.428571 12.60476 12.47619 15.59048 12.67143 
12.72857 18.05238 18.50952 19.88571 19.77143 17.04762 19.69048 16.10952 19.84286 18.64286 19.33333 19.48095 18.94286 17.37143 19.28571 19.34762 17.56667 19.6 12.95238 12.66667 14.29524 13.55714 13.56667 13.52857 13.77143 12.80476 13.43333 13.30476 14.27143 13.36667 19.87619 19.25714 19.69524 19.69524 18.30952 17.60476 18.12381 19.37143 17.53333 19.56667 19.61905 20.2 19.49048 19.45714 14.35714 18.56667 19.25714 19.11429 19.40952 14.62381 17.84286 13.29524 14.60714 14.67143 14.82857 15.9619 14.75238 14.71429 15.29048 16.94762 14.2381 12.25 14.35714 14.45238 13.49048 16.09524 13.92381 16.58095 14.13333 
10.71429 20.70476 20.4 22.84286 21.94286 18.47143 22.84286 17.36667 22.81429 20.28571 22.07143 23.09048 21.30476 20.49524 22.60476 21.87619 20.1619 21.62857 11.78095 11.52381 13.38095 12.3 12.78571 13 13.55 11.88095 12.2619 12.29524 15.45714 12.88095 22.99524 22.4381 21.67143 21.67143 20.12381 19.17619 21.30952 21.69048 18.6 23.24762 22.6619 23.72857 22.5 22.55238 15.60476 20.8619 22.68571 22.01429 21.79048 14.67143 20.48095 12.99524 13.96429 14.29048 14.51429 17.81905 14.71905 15.62381 16.74762 17.61905 13.05714 9.785714 13.28571 13.85714 12.82857 18.29048 14.29524 16.87143 14.6381 
9.221429 20.98571 20.90952 22.4381 22 18.64762 22.18095 13.90476 21.6619 20.15238 20.41905 22.55714 21.42857 19.1381 21.8381 21.76667 20.14762 21.94762 8.385714 8.109524 8.561905 8.095238 8.414286 8.821429 9.121429 8.080952 8.057143 7.890476 11.22143 8.747619 22.70952 21.80476 21.90476 21.90476 20.62381 19.58095 21.4 20.30476 15.48095 22.36667 21.9381 22.95714 22.74286 22.19524 11.50476 18.87619 22.23333 21.48571 21.68571 15.82857 20.36667 14.60952 9.257143 10.25714 10.87857 16.61429 12.75714 13.80476 16.4381 18.2619 8.752381 6.9 8.919048 9.533333 9.095238 19.17143 15.2381 17.70952 15.49048 
0.9571429 14.84762 17.77143 18.2 18.38095 16.45238 15.61905 6.547619 12.99524 12.1381 11.82381 14.89048 14.92857 11.22381 15.22857 18.50952 11.59048 18.83333 4.290476 4.047619 4.019048 2.233333 3.609524 4.3 4.014286 3.72381 3.619048 3.690476 4.471429 2.409524 19.02857 16.77143 18.50952 18.50952 17.06667 17.40476 15.3 11.2381 7.842857 15.34762 14.18095 15.75238 21.54762 16.3619 4.704762 9.92381 16.22857 16.64762 17.03333 10.78571 16.1619 9.109524 4.6 5.271429 5.685714 8.347619 5.22381 6.17619 9.9 15.5 4.671429 1.864286 4.714286 5.457143 5.180952 11.33333 11.50952 14.80476 12.75714 
5.078571 12.81905 15.13333 15.70952 15.24286 14.86667 14.25714 11.50476 13.9619 13.31905 13.12857 15.4381 13.01429 11.32857 13.84762 15.6381 11.12381 15.86667 10.21905 10.28571 10.35714 8.019048 9.690476 10.65 10.3 10.9619 10.90476 10.54286 10.26429 8.380952 16.43333 14.32857 15.34286 15.34286 14.90476 15.47619 15 13.42381 12.4 16.05714 15.11905 15.31429 18.13333 16.07143 10.34762 12.56667 16.34286 14.02857 14.48095 11.40952 12.55238 9.82381 9.971429 9.733333 10.03571 10.12857 8.628571 9.585714 10.24286 13.98095 10.11905 7.478571 9.719048 10.43333 10.36667 10.24762 10.28571 13.49524 10.84286 
9.9 17.27619 18.31905 18.75714 18.97143 16.88571 17.87143 14.4 17.98571 16.77619 16.98571 19.27619 17.5 16.05714 17.51905 18.65238 15.90476 18.90476 12.1381 12.62381 13.64286 11.67619 12.53333 12.55714 13.06429 13.84762 13.87143 13.13333 15.1 12.47619 19.04286 17.95714 18.94286 18.94286 18.10476 17.51429 17.69048 17.20476 14.93333 18.94762 18.51905 19.1619 20.12857 19.48571 14.59048 16.67619 19.24286 17.90476 18.41905 15.02381 16.65238 13.28571 13.23571 13.83333 14.39286 15.72857 13.99048 14.2381 13.94762 16.61429 13.45238 10.55 12.82381 13.38095 12.7619 14.89048 13.51429 16.05714 13.6 
14.16429 21.65238 21.35238 23.44286 22.75714 19.67619 23.30952 21.3381 23.57143 23.4381 22.90476 23.57619 21.87619 21.98095 23.13333 22.81905 21.66667 22.85238 18.3619 17.58571 18.80238 17.33333 18.65714 19.51429 19.08571 16.93333 17.48095 17.0381 20.37143 17.72857 23.9381 23.11429 22.45714 22.45714 21.28095 20.44762 23.42381 23.27143 22.26667 24.45714 24.10476 24.1 24.54762 23.44286 20.37619 22.61429 23.35714 22.5619 22.32857 16.94762 21.09524 15.60476 18.76429 18.01429 17.9 19.89524 17.7 17.7619 17.69524 19.1619 17.12857 13.93571 17.3619 17.21429 16.49048 18.50476 15.74762 18.50952 15.85714 
7.657143 16.48095 17.79048 19.3381 19.05714 16.72381 17.79524 14.68571 17.97143 17.54762 16.58571 19.19524 16.85714 15.4 17.52381 19.33333 15.3619 19.48571 11.62857 11.47619 11.84286 9.804762 11.56667 12.47143 12.02857 11.46667 11.42381 11.52857 12.90714 10.2381 20.04762 18.20476 18.97143 18.97143 17.40476 17.38095 18.29048 17.3 15.68095 19.90952 19.0381 19.22857 21.84286 19.90476 13.05714 15.92381 19.77619 18.00476 18.21905 13.70952 16.37143 11.93333 12.1 12.54286 13.27857 14.20952 12.13333 13.1 14.14286 15.49524 12.22381 8.421429 11.9381 12.7619 12.10476 14.59524 12.68571 15.04762 12.77143 
10.29286 17.82857 18.62857 19.62857 19.7 17.27619 18.54286 15 18.40476 16.81905 17.61905 19.81905 18.0619 16.32857 18.30952 19.35238 16.17143 19.71429 12.64762 12.8619 13.87619 12.21905 13.2 12.51429 13.5 13.41429 13.63333 13.4 14.46429 12.51429 20.09524 18.96667 20.00476 20.00476 18.28571 17.84762 17.87619 17.54286 15.77619 19.01429 18.30952 19.87143 20.7 20.37143 14.25238 17.13333 19.94762 18.94286 19.56667 14.85714 17.5619 13.33333 13.83571 13.99048 14.47143 15.45238 13.73333 14.4619 14.48095 16.44286 13.7 10.51429 13.37619 13.92857 13.48095 14.99524 13.35714 16.00952 13.22381 
14.95 21.04286 21.40952 23.09524 22.64286 20.37619 22.50476 20.0381 22.54762 22.01905 21.51905 23.5381 21.1 20.5 22.0619 22.37143 20.32381 22.47619 18.3381 18.70952 20.50952 17.87619 19.2381 18.50714 19.46429 20.10476 20.47619 19.99524 20.36429 18.09048 23.36667 22.3 22.2 22.2 21.26667 21.07619 22.75238 21.89048 20.4619 23.38095 22.81429 23.61905 23.35714 23.61905 20.23333 21.5619 23.27143 21.79524 21.8 19.1 20.79048 18.15238 20.07857 20.40476 20.75714 20.30952 19.19524 19.70476 19.12381 19.82381 20.42381 16.41429 19.64762 20.53333 19.62857 19.89524 16.99524 19.49524 16.58095 
16.41429 23.17619 23.31429 24.67619 24.02381 22.30476 24.06667 23.7 25.36667 24.09048 23.91905 25.89048 23.56667 23.2 23.64762 23.86667 23.17143 24.01905 19.30952 19.07143 20.91905 18.8 19.97619 19.92857 20.77143 19.4619 20.10476 19.54286 22.4 19.53333 25.01905 23.71905 23.91905 23.91905 23.17619 22.85714 23.91905 25.15714 24.41905 26.21905 25.82857 25.99524 25.0381 25.57619 22.45714 24.05238 25.82381 23.66667 23.75238 19.72381 22.18095 18.6619 20.97857 21.62381 21.95714 22.41429 20.80952 21.0619 20.5619 21.72381 21.48571 17.7 20.70952 21.89048 21.41905 20.82381 17.6381 21.31905 18.01429 
14.22143 21.0381 21.11905 23.2 22.30476 20.78571 22.87143 21.02857 23.62381 21.82857 22.68571 24.12857 21.21429 21.30952 22.65238 22.08571 20.88571 22.03333 17.20952 17.08571 19.56667 17.02857 18.40476 17.77857 18.81429 17.9381 18.65238 18.15238 20.08571 17.47143 23.60476 22.65714 22.09048 22.09048 21.18095 21.04286 22.57619 23.29048 21.92381 23.94762 23.56667 24.15714 23.61905 24.19048 20.14762 22.53333 24.45714 22.23333 21.97619 19.25238 21 17.63333 19.62857 20.22381 20.92857 20.7 19.28571 20.20952 19.70476 20.50476 20.32381 14.9 19.18095 20.47143 19.61905 20.09524 16.77143 20.25714 16.79524 
16.15 22.67619 22.80476 24.50952 24.03333 22.47619 24.72857 22.2619 25.02857 22.48095 24.12857 24.94762 23.20952 23.02857 24.34286 23.27619 22.9619 23.4381 18.66667 18.8619 21.34762 18.7619 19.8619 18.54286 20.14286 19.9619 20.64286 20.23333 21.88571 19.2 24.65714 24.55238 23.77143 23.77143 22.94762 22.82381 21.47619 24.78571 22.97143 24.32857 24.23333 25.14762 23.78571 24.87143 21.74762 24.08571 24.8381 23.97143 23.69048 20.9 22.0381 19.07619 21.44286 21.92381 22.56429 22.42857 21.01905 21.4619 20.5381 22.00952 21.99524 17.39286 21.02857 22.14762 21.22381 21.04286 18.23333 21.9381 18.2381 
19.67857 25.04286 24.94286 25.98095 26.00952 23.88571 26.1619 24.14286 26.12381 23.4619 25.69048 26.22857 25.42381 25.48571 25.95238 25.18095 25.61429 25.3619 21.72381 22.12381 25.90952 23.15714 24.0619 22.37143 23.39286 24.4381 25.39048 24.84286 25.87143 23.21905 26.13333 26.24286 25.74762 25.74762 24.91905 24.15714 23.22381 25.96667 24.42857 25.4619 24.99048 26.34286 25.58571 26.07619 25.09048 25.73333 25.72381 26.01429 25.75714 22.96667 24.25238 21.25238 26.05714 26.9 25.87143 25.64762 25.05714 24.22857 23.25714 24.15714 26.59048 22.22857 25.98095 25.83333 24.9381 23.78095 20.98571 23.73333 21 
17.42857 25.50476 26.04286 26.34286 26.89048 24.88095 26.04762 23.41905 25.57143 23.80476 24.92857 27.05238 25.41905 23.95714 25.76667 26.6 23.96667 26.77619 20.51905 20.11429 21.8381 19.98095 21.32857 21.38571 21.97143 20.12857 20.69048 20.42381 22.9 20.3619 26.39048 26.32857 26.36667 26.36667 25.89524 25.34762 23.92381 25.00476 24.01905 26.03333 25.34286 26.48095 26.99048 27.22857 22.91429 24.42381 26.86667 25.64762 25.92381 22.65714 25.14762 21.39048 22.4 23.63333 23.79286 24.02381 22.47143 24.04286 23.82381 24.41429 23.66667 19.24286 22.88095 23.28095 22.91429 24.67143 21.01429 23.76667 21.13333 
17.99286 25.51905 26.02857 25.49524 25.73333 25.29048 25.02381 23.22381 25.09048 25.18095 24.49524 25.79048 25.26667 24.25714 25.14762 25.51905 24.48571 25.87619 20.3619 20.17619 21.18095 19.5381 20.35238 20.96429 20.61429 20.51905 20.8 20.58571 21.16429 19.61429 25.71905 25.4381 25.68571 25.68571 25.91905 25.76667 25.44762 24.85714 24.1619 26.27143 25.85714 25.81905 25.9381 26.02381 21.42857 24.20476 26.11429 25.2 25.38571 22.90952 24.8619 21.03333 21.39286 21.96667 22.19286 23.52857 21.30952 22.3 22.59048 24.75238 22.17143 18.50714 21.51429 22.21429 21.82381 23.29524 21.05714 24.32857 21.29048 
16.67857 23.8 24.77619 25.81905 25.65714 24.84762 25.35714 23.27619 25.1381 24.1619 24.54762 25.34762 24.34286 24.09048 25.15714 25.5 23.61905 25.58095 20.57619 20.85238 22.02857 19.52381 21.00476 20.68571 20.93571 21.79048 21.77143 21.47143 21.57143 19.29048 26.0381 25.5 25.43333 25.43333 24.97619 24.85238 23.50952 24.98571 24.03333 25.81429 25.32857 25.64286 26.3619 25.60952 21.87619 24.38571 25.67143 25.27143 25.09048 24.01905 22.98571 21.72857 21.9 22.01429 22.11429 22.25238 20.90476 21.45238 21.91905 24.71905 22.45714 18.6 21.58095 22.57143 22.57619 22.32857 21.20952 24.45714 21.11905 
21.13571 26.47143 27.00476 27.1 27.28571 26.4381 26.87619 25.80952 27.2619 26.5 26.18571 28.41429 26.59048 25.8 26.63333 26.84286 26.16667 27.21905 24.95714 25.19524 27.44286 24.57143 25.48571 25.2 25.25714 26.78571 27.18095 26.45714 26.74286 24.46667 27.20952 27.05238 27.23333 27.23333 26.99524 26.6619 26.61905 27.19048 26.4381 28.52381 28.04762 27.80952 27.3381 28.43333 26.04286 26.09048 28.71905 26.87619 26.86667 24.94286 26.02857 23.28095 26.92857 26.85714 26.42143 26.3 25.51905 25.45238 24.82857 26.17143 26.71905 22.68571 26.16667 26.37619 25.60476 25.07619 22.4 25.64762 22.47619 
20.85 25.95238 27.08571 27.28095 27.15714 27.05714 26.86667 26.83333 27.72857 26.08571 27.04762 28.2381 26.10476 25.91429 26.78095 27.22381 25.9381 27.40476 26.55714 26.9 28.79048 25.42381 26.96667 26.58571 26.57143 28.58571 28.90476 28.19048 26.78571 25.19524 27.3619 26.84286 26.91429 26.91429 27.14286 27.3 25.68095 27.81429 27.39524 28.12381 27.87143 27.7 27.97143 28.59524 26.82381 26.80952 28.15238 26.14762 26.44762 24.50952 25.64286 23.48571 27.95714 27.47143 27.33571 25.7619 24.94286 25.68571 25.2619 26.42381 27.85238 23.62857 27.05714 27.38095 26.60952 24.78571 22.39524 25.87143 22.81429 
23.09286 28.00476 28.40476 29.44762 29.5619 27.68571 29.60476 28.79524 30.05238 28.3 29.47143 30.1381 28.27143 28.0381 29.45714 29.10476 28.04762 29.32857 27.77143 28.11905 29.91905 27 28.42857 27.69286 27.97143 29.40952 29.72381 29.41905 29.32857 27.0619 29.60476 29.81905 28.97619 28.97619 28.3 28.09524 27.5381 30.19048 29.22857 29.90952 29.71429 29.83333 29.60952 30.24762 29.12857 29.3 29.98571 28.72381 28.70476 27.8381 27.4 26.64286 28.97857 29.34286 29.96429 28.51429 27.38095 28.40476 28.28571 27.47619 30.42381 25.95 29.09524 30.1381 29.52857 28.14762 24.39048 27.40952 24.18095 
22.3 27.29048 27.81429 27.94286 27.85714 27.90476 28.07619 27.68571 28.15238 26.5 27.76667 28.32381 27.1381 27.01429 28.02857 27.72857 26.87619 27.92381 26.62857 26.69048 28.5619 25.81429 27.55714 26.77857 27.21429 27.40476 27.94286 27.60476 29.25714 26.22857 28.1619 28.1381 27.75238 27.75238 27.95714 27.99048 25.15714 28.09524 27.68095 28.14286 27.8 28.0381 28.43333 28.90952 28.73333 27.95714 28.0381 27.1381 27.45238 28.5619 27.13333 26.8 27.92857 28.07619 27.86429 27.8 27.09524 26.95238 26.84286 28.05714 27.82857 24.25 27.72381 27.85714 27.64286 27.3381 24.86667 28.01905 24.41429 
20.88571 27.57143 28.11429 27.69048 28.30476 27.73333 27.75714 25.85238 27.36667 25.7 27.03333 27.66667 27.91905 27.1619 27.7 27.74286 27.15714 28.04762 24.92857 25.48571 27.59048 24.34286 25.87619 24.6 25.1 27.50952 27.94762 28.01905 27.38571 24.3381 27.90476 28.24286 28.32381 28.32381 28.38095 28.00952 24.33333 27.30476 26.15238 26.93333 26.78095 27.36667 28.3619 28.33333 26.37619 27.12381 27.52857 28.07619 28.21905 27.12857 26.95714 25.5381 26.74286 27.09048 27.38571 26.72381 25.51905 26.4381 26.5381 28.00952 27.74286 24.47143 27.10952 27.69524 27.79048 26.30952 24.21429 27.82381 24.47143 
24.82143 28.65238 29.05714 29.16667 29.7381 28.63333 29.55714 30.24286 30.11429 28.82381 29.36667 29.34286 28.59048 28.90476 29.69524 28.9381 28.75238 29.30952 29.49048 29.37143 32.27619 28.98571 30.43333 29.57857 30.27143 30.37143 31.49524 30.52381 31.35 29.00476 29.15714 29.99524 29.52857 29.52857 29.1619 28.88571 27.23333 30.52381 30.53333 29.86667 30.01905 29.48095 28.5 29.51905 30.87143 29.63333 29.58571 29.4 29.08571 29.14762 28.55238 27.79048 31.25 31.39048 30.97143 29.98095 29.74286 29.32857 28.66667 28.88095 31.99524 27.02143 30.57619 31.7 31.27143 28.73333 26.02381 28.94762 25.65238 
24.45 28.78095 28.70952 28.3619 29.09524 28.50476 28.99048 29.94762 28.97143 28.12857 28.66667 28.82857 28.37143 28.70952 29.22857 28.4619 28.63333 28.79048 30.40476 30.97143 32.9 29.20952 31.13333 29.92143 30.5 32.80476 33.03333 32.52857 31.52857 29.02381 28.47143 29.5 28.82857 28.82857 28.80952 28.56667 26.60476 29.52857 30.08095 28.22381 28.51905 28.32381 28.42381 29.2619 30.92857 29.2 28.87143 28.70476 28.5381 30.08571 28.87143 28.80476 31.85714 32.18095 31.97143 29.9 29.95238 30.21905 29.90476 29.22381 32.89048 28.32143 31.9 32.78571 32.45238 29.69048 25.99524 29.15714 25.55238 
22.43571 28.55238 28.95714 29.01905 29.19048 28.56667 29.2619 27.3 29.11429 27.31905 28.74762 29.01429 28.61429 28.75714 29.30476 28.93333 29.07619 29.05714 25.67143 26.14286 26.9619 24.67143 25.95238 25.38571 25.88571 26.89524 26.78571 26.67619 28.30714 25.3 29.27619 29.57143 28.90952 28.90952 29.03333 28.83333 26.81905 28.74762 27.36667 29.02381 28.80476 28.88571 29.56667 29.38095 27.69524 28.62381 29.05714 28.91905 28.67143 29.60952 28.72857 28.00952 26.62143 27.58095 28.14286 28.84286 27.29524 27.91429 28.0619 28.66667 27.65714 23.80714 26.88095 27.60952 26.94286 28.50952 25.64762 28.25238 25.05238 
23.62857 29.7 29.31905 29.15714 29.4619 29.71429 29.50476 29.48571 30.12857 28.8 29.3 29.32857 29.40476 29.09048 29.50952 28.74762 29.58571 29.1619 27.54286 27.12857 29.24762 26.61429 28.2381 28.11429 28.20714 27.28095 28.05238 27.97143 29.65 27.04286 29.15238 29.91429 29.41429 29.41429 29.71905 29.74762 27.48095 30.30952 29.99048 29.57143 29.72381 29.73333 28.34286 29.22381 29.14762 29.40952 29.54762 29.35238 29.40476 29.73333 29.5381 28.17619 29.12143 29.54286 29.85714 29.8619 28.50952 29.67143 29.67619 29.85238 29.00476 25.02857 28.79048 28.9381 28.34286 30.00952 26.51905 29.81905 26.34762 
22.20714 28.93333 29.20476 28.49048 28.8381 29.0619 29.03333 29.13333 29.82381 28.60476 29.29048 29.25238 29.10476 28.58095 29.19048 27.9619 29.24762 28.3619 27.79524 27.97143 28.55714 25.35238 27.26667 27.40714 27.28571 28.41429 27.99048 27.81905 28.06429 25.72381 28.47619 29.25238 28.91429 28.91429 29.29524 29.19048 27.53333 30.28095 29.95714 29.94762 30.07619 29.1381 27.67619 29.2381 28.08095 29.25238 30.27143 28.75714 28.96667 27.58571 27.95238 26.25714 28.52857 28.94762 28.19286 28.77143 27.52381 27.57619 27.59524 29.02381 28.77619 24.00714 28.33333 28.55238 28.22381 27.10952 24.48571 28.52381 24.7381 
22.77143 28.04286 28.6381 28.3 28.92381 28.63333 28.55714 29.20952 29.28095 27.6 28.91429 28.72381 28.31905 28.20952 28.69048 28.12381 28.55714 28.29524 28.8619 29.12857 30.28095 27.09524 29.05714 28.88571 28.42857 30.26667 30.22381 29.54762 29.46429 27.1381 28.32857 29.2381 28.60952 28.60952 28.8 28.75238 26.05714 29.50952 29.49048 28.00476 28.05714 28.66667 28.21905 28.95714 29.3 28.64286 28.49048 28.85714 28.55238 29.25714 27.73333 27.40476 29.05 29.26667 28.32857 28.07143 27.06667 27.75714 26.94762 28.72381 29.29048 25.32143 28.69048 28.56667 28.40952 27.45714 25.9 28.64286 25.54762 
23.92143 29.07143 29.41429 29.1381 29.80952 29.09524 29.8619 29.73333 30.37619 28.80952 29.82857 29.38571 29.3381 29.06667 29.89524 29.12381 29.35238 29.36667 30.42381 30.65714 31.02857 27.98095 29.76667 29.66429 29.25 31.11429 30.96667 30.31905 30.17143 28.05238 28.98095 30.09048 29.71905 29.71905 29.64286 29.32381 27.17619 30.80952 30.27619 29.50952 29.67619 29.42381 28.46667 29.59048 29.79524 29.66667 29.6381 29.44762 29.81905 29.68095 28.47619 27.88571 29.91429 30.72857 30.68571 29.40476 28.64286 29.57619 28.18095 29.39048 31.57143 26.92143 30.15714 31.07619 30.43333 28.8 26.48095 29.48095 26.30476 
20.22857 28.2 29.18571 29.10476 29.44762 29.6381 29.36667 27.38095 29.44762 27.97143 28.79524 28.55238 28.67619 28.17619 29.49524 29.50476 28.36667 29.44762 25.1619 24.9619 26.32381 23.4619 25.5 25.21429 25.87857 24.65714 25.31429 25.02381 26.29286 23.81429 28.80476 29.70952 29.35714 29.35714 29.44762 29.77619 26.38095 29.42857 28.2619 29.08571 29.29048 28.99524 28.41429 28.93333 26.44286 28.69048 29.15714 28.90476 29.31905 29.58095 28.07143 27.77619 25.92143 26.77619 26.97143 27.37619 25.48571 27.0619 27.99524 29.56667 27.10476 22.47143 26 26.92381 26.53333 28.25238 26.22857 29.53333 26.13333 
23.17857 28.71905 29.47619 29.04762 29.91905 29.37143 29.62381 29.74762 30.41429 29.34286 29.37143 29.5381 28.92857 28.58095 29.65714 29.09524 29.0381 29.38571 27.54762 27.38571 29.25714 26.5 28.11905 28.12143 28.64286 27.64762 28.36667 27.96667 29.74286 27.31905 28.92857 30.12857 29.64286 29.64286 29.56667 29.45714 26.94762 31.22857 30.68571 30.01905 30.45714 29.28095 28.56667 29.89524 29.34286 29.22381 29.74286 29.28571 29.53333 29.12857 28.19048 27.24286 29.25714 29.64286 29.67143 29.00952 27.9619 28.65714 28.20476 29.47619 29.71429 24.83571 28.99524 29.75238 29.09048 28.24286 25.52381 29.45714 25.51905 
21.5 28.3381 28.82857 27.05238 28.27143 28.82857 27.84762 27.99048 28.56667 27.89524 28.15714 27.57143 28.7381 28.09524 28.37143 27.11429 28.74286 27.72857 24.87143 24.8381 25.87143 23.8619 25.21429 25.37857 25.45714 24.57143 24.58095 24.86667 26.42857 24.32381 27.28095 28.76667 28.32381 28.32381 28.99048 28.98571 26.04762 29.32381 28.97143 28.42381 28.76667 27.45238 27.21429 27.90952 26.5619 28.19524 28.14286 28.27143 28.52381 28.07619 28.09524 26.20952 26.91429 27.81429 28.56429 28.36667 26.84762 28.31429 28.32857 28.87619 27.22381 23.68571 27.18095 27.79524 27.03333 28.37619 25.18095 28.9 25.30952 
20.05 27.52857 28.52381 28.56667 29.29048 28.74286 28.50476 26.46667 28.31905 25.7381 27.6381 28.30476 28 27.34762 28.42381 28.74286 27.62381 28.95714 23.04286 22.98095 24.91429 22.38571 24.12857 23.79286 24.94286 23.23333 23.77619 23.58095 26.27857 23.34286 28.54762 29.0619 28.81429 28.81429 28.6619 28.76667 24.41429 28.1619 26.9381 27.45714 27.40952 28.42381 28.43333 28.69048 26.07143 27.57619 28.49524 28.44762 28.56667 27.35714 27.61429 24.9619 25.07857 25.89524 25.89286 26.80476 25.18571 25.91905 26.34762 28.82381 25.77143 21.10714 25.01429 25.80476 25.13333 26.9619 24.8619 28.61905 25.20476 
18.52143 27.22857 27.66667 27.51429 27.94286 28.15238 27.56667 26.45714 28.30952 26.40952 27.50476 27.64286 27.36667 26.68095 27.61429 27.48571 26.71905 27.66667 23.04286 23.21905 24.97619 21.91429 23.95238 24.16429 24.77143 24 24.28571 24.22381 24.67143 22.12857 27.51905 28.05238 27.84286 27.84286 27.91905 28.18095 24.10952 28.27619 27.43333 27.9 27.99048 27.94286 27.27143 27.91905 24.78571 27.18571 28.51905 27.7619 27.82857 26.9381 26.67619 24.31905 25.27143 25.5 25.72143 25.74762 23.58571 25.20952 25.57143 28.23333 25.56667 20.63571 25.1619 25.8381 25.27619 25.52381 23.68095 28.14762 24.00952 
18.02857 25.6619 26.74762 26.66667 27.28095 26.59048 26.46667 25.47619 26.91429 25.37143 25.9381 27.1381 25.89524 24.49048 26.3381 27.08571 24.80476 27.24286 23.6381 23.95714 25.12381 21.9381 23.51429 23.92143 24.25714 24.95714 25.11905 24.43333 24.57857 22.8 26.51905 26.65238 27.11429 27.11429 26.68571 26.8381 23.42381 27.09524 26.57619 26.47143 26.88571 26.72381 26.51429 27.9619 24.63333 25.70476 27.73333 26.15238 26.74762 25.23333 24.95714 22.60952 24.10714 23.82857 23.79286 24.1 22 22.6381 22.71905 26.36667 24.81905 19.2 23.11429 24.4619 23.52857 23.2381 21.59048 26.17619 21.76667 
14.88571 24.37619 25.40476 25.54762 26.20952 25.22857 25.17143 21.74762 24.79524 22.23333 24.31429 24.74286 24.9 23.71429 25.17619 25.79048 23.99524 26.06667 18.11905 18.41905 20.35714 17.65714 19.30952 18 19.17857 19.28571 19.5381 19.96667 20.68571 18.11905 25.60952 25.82857 25.79524 25.79524 25.4 25.45714 22.06667 23.98571 22.4 24.52857 24.17619 25.40476 25.73333 25.62857 20.7619 23.77143 25.30476 25.39048 25.42857 22.0619 23.29048 19.61429 21.21429 21.73333 21.7 22.6 20.36667 21.32381 20.37619 24.60476 21.5619 16.60714 21.24286 21.49048 20.8 21.04286 19.35238 24.08571 20 
14.77143 24.31905 24.91429 25.41429 25.66667 24.5 24.98571 21.93333 24.49524 22 24.11429 24.59524 24.71429 23.53333 24.88095 25.2 23.39524 25.45714 17.72857 18 20.05238 17.43333 18.65238 18.44286 18.72143 19.40952 19.93333 19.53333 20.18571 17.89524 25.60952 25.45238 25.35238 25.35238 24.99524 24.74286 21.35714 23.90476 22.6 23.94762 23.64286 25.15714 25.50476 25.26667 20.37143 23.69048 25.23333 24.9619 25.15714 22.70476 24.19524 19.80952 19.72857 20.14286 20.22857 21.49524 19.2 20.0381 19.86667 24.09048 20.65238 16.23571 19.28095 20.42857 19.78571 21.01905 20.2 23.84762 20.52381 
15.46429 22.58095 23.76667 25.07143 25.1381 23.87619 24.27619 22.47143 24.74762 22.34286 24.17619 24.84762 23.22857 22.22381 23.92857 24.96667 22.25238 25.13333 18.1 18.34762 20 17.77619 18.65238 18.77143 19.32143 19.71429 20.11905 19.6381 20.73571 18.67143 24.98571 24.30476 24.59524 24.59524 23.87143 23.92381 22.22381 24.37143 23.12857 24.43333 23.96667 25.11905 24.82857 25.49524 21.09524 23.81905 25.15714 23.59524 23.94762 22.20476 21.58571 19.19524 19.63571 20.4 21.01429 21.3 19.55714 19.8619 18.96667 23.44286 21.39524 16.30714 19.2619 21.28095 20.07143 19.84762 19.29524 23.31905 19.74286 
12.75 19.96667 22.22857 22.10952 22.60476 23.06667 21.30476 19.39048 21.95238 20.18571 20.99048 22.34762 20.39048 19.3619 21.13333 22.66667 19.65714 22.88571 15.78095 15.61905 17.32857 15.12381 16.41905 16.52857 17.27143 16.29524 16.87619 16.33333 18.4 16.06667 22.20476 21.63333 22.1619 22.1619 22.4619 23.23333 19.73333 21.64286 20.3 21.97619 21.75238 22.27619 22.67619 23.29048 18.50952 20.54286 23.03333 21.00476 21.29048 21.03333 19.51429 18.14286 17.28571 17.84762 17.92143 18.50476 17.07143 16.8619 17.1619 22.56667 17.7 13.77857 16.94286 17.8619 16.97619 18 17.64762 22.32381 18.03333 
14.66429 22.1381 24.15714 24.00952 24.76667 23.86667 23.20952 20.54286 23.73333 22.28095 22.52857 24.21429 22.72857 20.89048 23 24.34286 20.95238 24.65714 15.38095 15.3381 17.45714 15.85714 16.24762 16.72857 17.36429 16.07619 16.87619 16.35714 19.55 17.27143 24.11905 23.65714 24.5619 24.5619 24.1619 24.29048 21.36667 23.33333 21.58095 23.3 23.5619 24.28571 24.94762 24.80476 19.83333 21.81905 24.32857 23.31429 23.94286 22.70952 20.96667 20.24762 17.69286 18.90952 19.9 20.19524 18.80476 19.09524 19.20476 23.52857 18.79524 15.07143 17.48571 19.10952 18.05714 19.67619 19.82381 23.34762 19.90952 
-0.5428571 10.32381 14.55714 13.71905 13.45238 16.4619 11.99048 7.185714 12.28571 12.11905 10.78571 13.6381 10.45714 8.3 11.54762 14.10952 8.614286 14.41905 4.990476 4.661905 4.590476 1.657143 4.328571 5.05 4.9 4.085714 4.147619 3.809524 4.478571 1.933333 14.38571 12.14286 13.69524 13.69524 14.59524 16.35714 14.56667 11.23333 8.704762 15.65238 14.22381 13.3381 16.89048 14.88095 5.133333 9.428571 15.19048 11.66667 12.34762 14.50476 11.55238 11.5619 4.978571 5.757143 6.378571 7.204762 5.161905 6.390476 9.857143 16.5619 5.238095 1.242857 5.285714 5.766667 5.204762 9.37619 12.27619 16.19524 13.05714 
4.607143 11.59524 15.34286 14.58095 14.89524 17.18571 13.35238 9.814286 13.22381 11.63333 12.49048 14.04286 12.08095 10.81429 13.2 15.1381 10.62381 15.3381 8.504762 8.828571 9.552381 7.3 8.5 8.564286 8.764286 9.742857 9.961905 9.066667 8.9 7.519048 14.76667 13.68571 14.78095 14.78095 15.54286 17.07143 11.74762 12.6619 10.84286 14.28571 13.66667 14.02381 16.07619 14.92857 9.080952 11.68095 15.11429 13.3619 13.63333 13.86667 11.94286 11.4381 8.985714 8.27619 8.421429 9.147619 7.557143 7.87619 8.709524 17.21429 8.309524 5.65 7.790476 8.485714 7.695238 9.02381 12.68095 16.63333 13.8381 
7.4 15.57619 18.50952 19.5619 19.31905 19.14762 18.10952 12.94762 18.24762 16.79524 17.11429 19.67619 16.2619 14.41429 17.72381 19.36667 14.80952 19.58571 8.495238 8.328571 8.633333 7.842857 8.833333 8.728571 9.657143 8.380952 8.328571 8.266667 10.1 8.580952 19.71905 18.15714 18.98095 18.98095 18.57619 19.49524 17.43333 17.0619 14.2381 19.3381 18.69048 19.69048 20.55714 20.40952 10.8 15.81429 19.98095 17.68095 17.65714 16.64286 15.6 14.15238 9.6 11.32857 11.65714 13.2619 11.3619 12.01905 13.25238 18.39048 10.83333 7.921429 10.39524 11.05238 10.41429 13.37143 14.26667 18.07143 14.66667 
5.521429 13.36667 16.25238 17.15238 16.69524 17 15.52381 11.54762 16.38095 13.9619 15.22857 17.48095 13.93333 12.47619 15.05238 17.10952 12.60476 17.24286 8 8.190476 8.304762 6.57619 7.661905 7.657143 8.114286 8.680952 8.657143 7.761905 9.335714 7.528571 17.52857 15.38571 16.15714 16.15714 16.23333 17.26667 15.54762 15.39048 12.82857 17.39048 16.14286 17.55714 18.55238 18.29048 9.557143 14.05238 17.96667 14.91905 15.05714 14.19524 12.60952 11.1381 8.328571 9.290476 9.528571 11.05714 9.185714 9.728571 9.733333 16.12857 9.071429 5.45 8.085714 8.828571 7.957143 11.14286 12.14762 15.84286 12.71429 
4.785714 15.38571 17.75238 18.55714 18.21905 18.05714 17.4 10.02381 17.2381 14.4619 15.97619 18.97619 16.13333 13.82381 17 18.48571 14.19524 18.60476 6.285714 6.133333 6.371429 5.295238 6.242857 6.335714 6.614286 5.92381 5.795238 5.790476 7.571429 5.804762 18.86667 17.39048 18.05714 18.05714 17.68571 18.44286 18.04286 15.65714 11.5381 19.12381 17.35238 18.67143 20.06667 19.8 8.014286 14.5381 19.51429 16.71429 17.3619 15.41429 15.81429 13.4 7.278571 9.128571 9.592857 12.1619 9.319048 10.95238 13.37143 17.62857 8.62381 5.271429 8.214286 8.980952 8.709524 14.35238 13.50476 17.26667 14.00476 
2.092857 9.647619 12.13333 13.12381 13.02381 12.39524 12.15714 8.72381 12.09048 11.31905 11.20952 13.11905 10.34286 9.22381 11.73333 13.31429 9.304762 13.38571 5.514286 5.519048 6.366667 4.27619 5.828571 5.65 6.192857 5.757143 6.17619 5.838095 7.685714 5.271429 13.5381 12.28095 12.57143 12.57143 11.95714 12.56667 11.21429 11.45238 9.62381 13.87143 13.10952 12.87143 14.86667 13.8619 7.704762 10.34286 13.84286 11.61905 11.63333 9.733333 8.966667 6.285714 6.342857 6.261905 5.9 7.47619 5.67619 5.585714 5.238095 11.7 5.590476 1.664286 5.485714 5.295238 4.257143 6.452381 7.614286 11.28095 8.128571 
3.75 11.75238 14.48571 15.74286 15.10952 14.49048 14.46667 9.904762 14.43333 13.26667 13.41429 15.98571 12.38095 10.93333 14.07619 15.38571 10.91905 15.55714 6.938095 6.690476 6.838095 5.02381 6.6 7.214286 7.164286 6.347619 6.461905 6.219048 7.528571 5.37619 16.38571 14.42381 14.82857 14.82857 14.29048 14.94286 14.7619 13.46667 11.10476 16.27143 15.28095 15.76667 18.2619 16.90476 7.947619 12.4381 16.67619 13.71429 13.65238 11.47143 11.13333 8.909524 6.571429 6.204762 6.292857 8.909524 6.885714 7.133333 7.971429 13.70952 4.9 3.35 5.585714 5.333333 4.4 9.004762 9.990476 13.17619 10.56667 
3.25 11.56667 13.83333 14.73333 14.06667 14.13333 13.7 11.5 13.86667 13.9 13.03333 14.66667 12.46667 11.63333 13.43333 14.23333 11.23333 14.43333 8.066667 7.466667 7.2 5.3 7.433333 8.4 8.45 6.6 6.466667 6.3 8.95 6.233333 15.6 13.76667 13.86667 13.86667 13.83333 14.63333 15.1 13.63333 12.53333 15.4 15.06667 14.66667 17.4 15.9 9.633333 12.26667 15.13333 13.5 13.4 11.4 12.33333 8.133333 7.05 6.033333 6.1 8.8 6.466667 7.266667 8.3 13.1 5.866667 2.7 5.433333 5.8 4.766667 10.13333 8.966667 12.63333 9.366667 
