0.7272727 0 0.2941176 0.3098592 0 1 0 0 0 0 0 0 0 0.3055556 0 0.1408451 0.5822785 0.3661972 0.6363636 0.5454545 6.636364 1.272727 2 0 0 2.636364 2.636364 0.7857143 0 0.4545455 1 0.3611111 0.5070423 0.5142857 0 0.4788732 0 0 0 0 0 0 0.1126761 0 0 0 0 0.6415094 1 3 0 20 0 0 0 0 0 0 0 12 0 0 1 0 0 0 0 1 8 
0 0 0 0 0 0 0 0 0 0 0 0 0 0 0 0 0 0 0 0 0 0 0 0 0 0 0 0 0 0 0 0 0 0 0 0 0 0 0 0 0 0 0 0 0 0 0 0 0 0 0 0 0 0 0 0 0 0 0 0 0 0 0 0 0 0 0 0 0 
0.8181818 0 0 0 1 0 0.1038961 0 0 0 0 0 0 1 0 0.1038961 0.2823529 0.3636364 0.5454545 2 7 0.7272727 1 0 0 2.272727 1.636364 0.8571429 0 2 0 0.3055556 0.3376623 0.2439024 0 0.5714286 0 0 0 0 0 0 0.1558442 0 0 0 0 0.6440678 0.1298701 0 0.1785714 17.25 0 0 0 0 0 0 0 10 0 1 0 0 0 0.2068966 0 1 6 
0 0 0 0 0 0 0 0 0 0 0 0 0 0 0 0 0 0 0 0 0 0 0 0 0 0 0 0 0 0 0 0 0 0 0 0 0 0 0 0 0 0 0 0 0 0 0 0 0 0 0 0 0 0 0 0 0 0 0 0 0 0 0 0 0 0 0 0 0 
0.4545455 0 0 0 0 0 0 0 0 0 0 0 0 0 0 0 0.1176471 0.2716049 2 0.5454545 4 0.7272727 3 0 0 0.7272727 1.181818 0.5 0 0 0 0.4166667 0.1728395 0.2444444 0 0.3703704 0 0 0 0 0 0 0 0 0 0 0 0.3050847 0 6 0.1428571 16 0 0 0 0 0 0 0 6 0 1 0 0 0 0.137931 0 0 0 
0 0 0 0 0 0 0 0 0 0 0 0 0 0 0 0 0 0 0 0 0 0 0 0 0 0 0 0 0 0 0 0 0 0 0 0 0 0 0 0 0 0 0 0 0 0 0 0 0 0 0 0 0 0 0 0 0 0 0 0 0 0 0 0 0 0 0 0 0 
0 0 0 0 0 0 0 0 0 0 0 0 0 0 0 0 0 0 0 0 0 0 0 0 0 0 0 0 0 0 0 0 0 0 0 0 0 0 0 0 0 0 0 0 0 0 0 0 0 5 2 6 0 0 0 0 0 0 8 1 0 0 0 0 0 2 0 0 2 
0 0 0 0 0 0 0 0 0 0 0 0 0 0 0 0 0 0 0 0 0 0 0 0 0 0 0 0 0 0 0 0 0 0 0 0 0 0 0 0 0 0 0 0 0 0 0 0 0 0 0 0 0 0 0 0 0 0 0 0 0 0 0 0 0 0 0 0 0 
3 0 0 0 0 0 0 0 0 0 0 0 0 0 0 0 0 0 1.5 0 5.25 3 2 0.06849315 0 1.5 3 4 3 1.25 0 0 0 0 0 0 0 0 0 0 0 0 0 0 0 0 0 0 0 3 1 6 0 0 0 0 0 0 4 5 0 0 0 0 0 0 0 1 3 
0 0 0 0 0 0 0 0 0 0 0 0 0 0 0 0 0 0 0 0 0 0 0 0 0 0 0 0 0 0 0 0 0 0 0 0 0 0 0 0 0 0 0 0 0 0 0 0 0 0 0 0 0 0 0 0 0 0 0 0 0 0 0 0 0 0 0 0 0 
1.25 0.9428571 0 0 0 0 0 0 0 0 0 0 0.5121951 0 0 0 0.2542373 0 4 2 4.25 2.75 1 0 0 1.75 2.5 3 3 1 0 0 0 0 0 0 0 0 0 0 0 0 0 0 0 0 0 0 0 1 0 6 2 2 1 0.7714286 0 1 10 4.545455 3 2 0 0 1 2 0 1 6 
0 0 0 0 0 0 0 0 0 0 0 0 0 0 0 0 0 0 0 0 0 0 0 0 0 0 0 0 0 0 0 0 0 0 0 0 0 0 0 0 0 0 0 0 0 0 0 0 0 0 0 0 0 0 0 0 0 0 0 0 0 0 0 0 0 0 0 0 0 
0 1.163462 1 0 0 0 0 0.04081633 0 0 0.02290076 0 0.9 0 0.1 0 0.621118 0 0.375 1 0 0 2 0.02777778 0 4 1.5 2 0.3589744 0 0 0 0 0 0.3636364 0.5454545 0.01020408 0 0 0.01632653 0.1265306 0.01836735 0.1162791 0 0.02307692 0.0648855 0.01020408 0 0.1267606 4 0 8 0 0 1 0.8 0 1 10 5 0.5454545 3 0 0.3636364 0 1 0 0 7 
0 0 0 0 0 0 0 0 0 0 0 0 0 0 0 0 0 0 0 0 0 0 0 0 0 0 0 0 0 0 0 0 0 0 0 0 0 0 0 0 0 0 0 0 0 0 0 0 0 0 0 0 0 0 0 0 0 0 0 0 0 0 0 0 0 0 0 0 0 
0 1.402597 1 0.1327014 0.01809955 1 0 0 1 0.01502732 0 3 1.586667 0.05263158 0.06140351 0 0.4090909 0 0.2790698 0.183908 0.8888889 0 0.1282051 0.06377551 0 0.9638554 1.012048 0.28 1 0 0 0.1764706 0.4647887 0.4242424 0.3636364 0.9545455 0.02631579 0.01871102 0 0.01644737 0.5065789 0.04952215 0.1658768 0.02606429 0 0.1805226 0.01315789 0.09 0.3573883 4 0 6 0 0 0 3.966667 1 0.3888889 6.5 15.60714 0.8181818 0.3636364 1 1.285714 1 1.184211 0 5 9.285714 
0 0 0 0 0 1 0 0 0 0 0 0 0 0 0 0 0 0 0 0 0 0 0 0 0 0 0 0 0 0 0 0 0 0 0 0 0 0 0 0 0 0 0 0 0 0 0 0 0 0 0 0 0 0 0 0 0 0 0 0 0 0 0 0 0 0 0 0 0 
0 1.968912 1.153846 0.1607143 0.1076923 4 0 0 0 0.01749271 0 0 3.173333 0.2232558 0.05309735 0 0.8446328 0 1 0 2.028169 0.9375 0.3692308 0.1513514 0.05517241 1.301205 2.336842 0.68 0.5384615 0 0 0.5477178 0.9036145 0.4761905 0.3181818 0.8181818 0.01917404 0.01393939 0 0.01179941 0.2448378 0.02446982 0.1875 0.02446982 0.0385439 0.3340471 0.008849558 0.6649485 0.8333333 0 2 2 0 2 0 4.193333 0.3589744 0.35 2 8.175824 0.3076923 1 0.1025641 2 8 0.980198 0.2758621 5 5.5 
0 0 0 0 0 0 0 0 0 0 0 0 0 0 0 0 0 0 0 0 0 0 0 0 0 0 0 0 0 0 0 0 0 0 0 0 0 0 0 0 0 0 0 0 0 0 0 0 1 0 0 0 0 0 0 0 0 0 0 0 0 0 0 0 0 0 0 0 0 
0.2631579 1.198502 2 2 0.1833741 0.3278689 0.04575163 0 0 0.0355247 0.02682563 0 7 0.2902375 0.0483871 0.2222222 0.3243243 1.259016 0.627907 0 0.9183673 0.6233766 0.1818182 0.1169306 0.0915493 2 0.8744395 0.6451613 2 0.3116883 0.3846154 0.5852373 1.339286 1.078431 0.3181818 0.3636364 0.007380074 0.02448545 0.2566429 0.00627451 0.2108183 1.153846 0.3461538 0.03325574 0.04272152 0.3615635 0.009411765 1 1.817248 3 2 0.5588235 0 2 0 2.394309 1 0.2030075 0.4333333 8.146789 0.2867647 0.1764706 0 0 3 0.5945946 0 11 7.6 
0 0 0 0 0 0 0 0 0 0 0 0 0 0 0 0 0 0 0 0 0 0 0 0 0 0 0 0 0 0 0 0 0 0 0 0 0 0 0 0 1 0 0 0 0 0 0 0 0 0 0 0 0 0 0 0 0 0 0 0 0 0 0 0 0 0 0 0 0 
0.1883562 0.8413002 0.2517986 0.1015625 0.2254743 0.1492537 0.08421053 0 0 0.0344086 0 0.006910168 1.622718 0.3991552 0.04756871 0.1538462 0.456477 0 0.1682243 0 0.5066667 0 2 0.06287111 0.04968944 0.3949843 0.3255543 0.5504587 0.124031 0.1141304 0.2075472 0.5732523 2.550755 2 0.07746479 0.7272727 0.02516854 0.03179799 0.2311034 0.01875617 0.3235294 0.5283019 0.245283 0.04286964 0.04606365 0.1891419 0.004935834 5 2.179569 0 0.112069 0.9529412 0 0.6557377 0 1.848649 2 1 0.4375 5.061069 0 0.1180328 0.1824818 1 0.72 0.457478 0 4 3.233533 
0 0 0 0 0 0 0 0 0 0 0 0 0 0 0 0 0 0 0 0 0 0 0 0 0 0 0 0 0 0 0 0 0 1 0 0 0 0 0 0 0 0 0 0 0 0 0 0 0 0 0 0 0 0 0 0 0 0 0 0 0 0 0 0 0 0 0 0 0 
0.1344717 0.5660377 0.1213873 0.06759443 0.6970018 0.07708779 0.06748466 0 0.007363092 0.08921104 0.04139715 0.01382034 0.3182566 0.7806173 0.03990025 0.4132474 0.6097466 6 0 0 0.7371556 0.138976 0 0.07831504 0.113852 0.7461929 0.2260982 0.3979592 0.03579418 1 1 1.295681 2.836224 7 0 0 0.01977528 0.0793072 0.2660433 0.03455084 0 0.7349398 0.7358491 0.06948831 0.06553398 0.0552359 0.02566634 3 1.604618 0 0 1.046154 0.03208556 3 0 0.9601483 0.7731959 0.06296296 0 6.164577 0 2 0.3047182 0.09836066 2 1 0.1967213 13 4.54918 
0 0 0 0 0 0 0 0 0 0 0 0 0 0 0 0 0 0 0 0 0 0 0 0 0 0 0 0 0 0 1 0 0 0 0 0 0 0 0 0 0 0 0 0 0 0 0 0 1 0 0 0 0 2 0 0 0 0 0 0 0 0 0 0 0 0 0 0 0 
0 1.227621 0 0.09756098 1.725322 0.2592593 0.1179302 0 0.0155218 0.08411876 0.1075795 0.01643535 0 2.42726 0.06896552 1.189366 1.539896 3 0 0.009056604 1.420226 0.3572816 0.3279152 0.1379124 0.2331714 2 0.4340637 0.7609148 0.07601511 0.6666667 0.4519774 3.188679 4.800047 18 0 0 0.01259789 0.09028309 0.6021765 0.01533966 1 0.6751055 1.310734 0.05889702 0.1461794 1 0.02227904 12 3.228128 1 4 1.943633 2 17 0.2435424 1.611705 2.316401 0 1.042493 8.649711 1.283168 5 0.6825688 0 1.037037 0.8450704 4 11 7.313968 
0 0 0 0 0 0 0 0 0 0 0 0 0 0 0 0 0 0 0 0 0 0 0 0 0 0 0 0 0 0 0 0 0 1 0 0 0 0 0 0 0 0 0 0 0 0 0 0 2 0 0 0 0 1 0 0 5 0 0 0 0 0 2 0 0 0 0 0 0 
0 1.200823 0 0.2288828 3.171534 0.275 0.1681213 0 0.01113413 0.06728161 0.09244992 0.01168224 0 1.688361 0.1213018 1.507379 1.586207 4 0 0 1.200414 1 0.2561138 0.116235 0.234192 1 0.4469309 0.8391608 0.1734632 0.503241 0.536965 3.478178 4.577114 3.990651 0 0 0.02196625 0.05495818 0.5424456 0.02603282 0.2140598 0.7788162 1.172414 0.03968807 0.1112633 0.1010881 0.01810979 16 2.938363 1 3 3.231206 0.1573918 9.341637 0.4888179 2.184926 3.022419 0.2086438 2.322382 6.656805 2.080078 1.611465 1.156769 0.4903509 0.862069 0.8054146 0.3140794 16 10.31164 
0 0 0 0 0 0 0 0 0 0 0 0 0 0 0 0 0 0 0 0 0 0 0 0 0 1 0 0 0 0 0 0 1 2 0 0 0 0 0 0 0 0 0 0 0 0 0 0 0 0 0 0 0 1 0 0 2 0 0 0 1 0 0 0 0 0 0 0 0 
1 1.6311 0 0.2338877 3.638689 0.3260377 0.09520154 1 0.01095821 0.02538515 0.1040906 0.01539323 0 2.579461 0.1440262 1.221591 1.739993 2 0 0 0 0.2142857 0.3011012 0.05837004 0.1530055 0.919573 0.3368785 0 0.153196 0.5462555 0 3.742357 6.309696 3.743501 0 0 0.02472383 0.04112741 0.188019 0.02470812 0.2482287 0.5674931 0.9570957 0.0322624 0.1390845 0.08005123 0.01792017 14 3.69863 5 2 4.267589 0.1329114 5.603113 0 2.654184 1.769721 0.285998 3.358524 8.996171 0 1.95016 0.8082061 1 0.7123288 2 0.3091922 21 8.630234 
0 0 0 0 1 0 0 0 0 0 0 0 0 0 0 0 0 0 0 0 0 0 0 0 0 0 0 0 0 0 0 0 0 0 0 0 0 0 0 0 0 0 0 0 0 0 0 0 0 0 0 0 0 2 0 0 0 0 0 0 0 0 1 0 0 0 0 0 0 
0.4336254 2.205479 0.03564728 1 5.327476 0.43654 0.1180438 0 0 0 0.1134638 0 0.2128117 3.018641 0.1006993 1.576898 2.33685 5 0 0.02582781 0.9355497 0.1367548 0.230359 0.07410714 0.08822232 0.7518488 0.3040431 1 0.1074561 0.4547553 0 4.018155 6.810522 1.138298 0.0600907 0.2022472 0 0 0.2757692 0 0 0.8141026 0.952381 0.01484388 0.08116677 0.04718945 0 16 3.775311 6 2 9 0.1643192 0.9705882 0.8093525 3.395405 0.6148374 0.3456221 3.194192 9.504354 1.254665 1.771005 0.24846 0.5280464 1 0.5337423 3 18 7.213147 
0 0 1 0 0 0 0 0 0 0 0 0 0 0 0 0 0 0 0 0 0 0 0 0 0 0 0 0 1 0 0 0 0 3 0 0 0 0 0 0 1 0 0 0 0 0 0 0 0 1 0 0 0 0 0 4 1 0 0 0 1 0 1 0 0 0 0 0 0 
0.3452461 3.011272 0.06408346 0.3307393 5.481707 0.300578 0.1169713 0 0 0 0.1641939 0 0.2018927 2.386798 0.1040763 1.141987 2.156913 1 0 0 1 0.0975 0.2468966 0.05273632 0.1286682 0 0.2283171 0.4374437 1 0.2810786 0.8629442 3.266667 6.27551 0.8425316 0.1630769 0.5602837 0 0.01867734 0.2119588 0 0 1 0.8253968 0.01313389 0.06306306 0.04428698 0 26 3.270276 4.382284 5 3.369004 0.1614124 1.789474 0.9256198 4.971963 0.6396453 0.4553571 1.663516 10.86826 0 5 0.1821332 0.4203822 1 0.8415961 3 23 6.340834 
0 0 0 0 0 1 0 0 0 0 0 0 0 0 0 0 0 0 0 0 0 0 0 0 0 0 0 0 2 0 1 0 0 1 0 0 0 0 0 0 0 0 0 0 0 0 0 0 0 1 0 0 0 1 0 6 0 0 0 0 0 0 0 0 0 1 0 0 0 
0 2.176227 0.04936015 0.3352381 3.660714 1 0.1788618 0 0 0 0.1923077 0 0.1729042 1.756389 0.152656 1.187285 1.430241 2 0 0.008024072 0.9684318 0.1440054 0.2729226 0.04031174 0.1054875 2 0.3687676 0.7517532 0 0.3088392 0.5728395 2.622231 4.395709 0.8990694 0.1009009 0.5687204 0 0 0 0 0 1.633803 1.502347 0 0.05856256 0 0 9 2.721152 3.336554 3 2.13648 0.1747323 2.192771 2.041885 6.784838 0.5925926 0.7006092 1.300319 7.395528 1.793249 2.419304 1 0.6717172 1 0.8308248 1 8 5.77336 
0 0 0 0 0 0 0 0 0 0 0 0 0 0 0 0 0 0 0 0 0 0 1 0 0 0 0 0 0 0 0 0 0 2 0 0 0 0 0 0 0 0 0 0 0 0 0 0 0 1 0 0 0 0 0 2 0 0 0 0 0 0 1 0 0 0 0 0 0 
0 2.441799 0.05105105 0.4974619 2.578468 1 0.1355634 0 0 0 0.3402985 0 0 1.034731 0 0.7567568 1.220994 0 0.1948052 0.01686747 1.295734 0.132149 0.3391003 0.06224406 0.1394495 0.89282 0.3195225 0.655102 0 0.3160667 0.6386861 1.878435 2.184581 1.21873 0.1173021 0.7468354 0 0 0 0 0 2.108527 1.550388 0 0.05288136 0 0 6 1.588689 2.984418 4 1.75 2 1.975904 2.47619 13.67788 0.4232804 0.6540284 3 8.812386 1.833333 2.270833 0.2153996 0.8172589 0.8064516 1 0.2143808 8 4.470588 
0 0 0 0 1 0 0 0 0 0 0 0 0 0 0 0 0 0 0 0 0 0 0 0 0 0 0 0 3 0 0 0 1 0 0 0 0 0 0 0 0 0 0 0 0 0 0 0 1 0 0 0 0 1 0 1 0 0 0 0 0 0 1 0 0 0 0 0 0 
0.1656265 2.664397 0 0.8 3.433735 0.09225092 1 0.2152381 0 0 0.2816229 0 0.07883817 1.070874 0 0.7046836 0.7139959 1.360169 0.2138783 0.01457195 2 0.1239547 0.3856209 0.1359094 0.1928783 1.368803 0.5494761 0.3349106 0 0.3274112 2 2.083351 2.176944 1.74106 0 1.12 0 0 0 0 0 1.909091 3.196721 0 0.01438849 0 0 4 1.276751 3.775248 6 1.705107 0.216457 2.337349 2.294118 11.91375 0.4065421 0.3741007 2 12.74756 1.41791 1.268657 1 2 1.052632 6 1 9 5.573604 
0 0 0 0 3 0 1 0 0 0 0 0 0 0 0 0 0 0 0 0 0 0 1 0 0 0 0 0 1 0 0 0 2 0 0 0 0 0 0 1 0 0 1 0 0 0 0 0 1 1 0 0 0 0 0 2 0 0 0 0 0 0 3 0 0 1 0 0 0 
0.1466525 4.331096 0 0 4.369467 0.3506744 0.173913 0.1124161 0 0 0.3151596 0 0 1.105932 0 1.146399 0.7829352 1 0.1893939 0 1.219592 0.095 0.3002288 0.1473523 0.2587601 0.7023173 0.4937186 0.3522484 0 0.6466165 0.5951417 2.807724 3.620586 2.416878 0.8139535 2.683333 0 0 0 0 0 1.083333 4 0 0.01979265 0 0 4 1.611127 3.453552 13 1.625219 0.1303855 1.933333 2.282927 16.72 0.3894437 0.5450382 4 10.90392 1.22069 1.652361 0.1429405 1.146269 0.5833333 1.432739 1 17 5.828502 
0 0 0 0 6 0 0 0 0 0 0 0 0 0 0 0 0 2 1 0 0 0 0 0 0 0 0 0 0 0 0 2 0 1 0 0 0 0 0 0 0 0 0 0 0 0 0 0 0 0 0 0 0 1 0 2 0 0 0 0 0 0 0 1 0 0 0 0 0 
0.09615385 3.21885 0.06788512 0.6878981 3.919435 0.3093333 0.08562368 0 0 0.09302326 0.2214022 0 0 1.814104 0 0.9359191 0.9538557 4 1.393443 0.02034884 1.194095 0 0.4378134 0.1566171 0.5038168 0.7201426 0.6234097 0.3693645 0 0.9698997 0.2041885 2.849335 4.069264 1.935689 0.5606407 1.801609 0.06511628 0 0 0.06046512 0.827907 0.7326733 1 0.01785714 0.03740374 0 0 8 1.576367 3.870229 3 1.301754 0.06953642 1.333333 2.404372 11.77885 0.214876 0.3685345 2 12.61386 1.040816 1.056433 0.08581236 0.62954 1.25 1.191446 0.227027 22 6.649856 
0 0 0 0 3 0 0 0 0 0 0 0 0 0 0 0 0 0 0 0 0 0 1 1 0 0 0 0 0 0 0 1 2 1 0 0 0 0 0 0 0 0 0 0 0 0 0 0 0 1 0 0 0 1 0 4 0 0 0 0 0 0 0 0 0 0 0 0 0 
0 2.8223 0.120944 0.3076923 2.33434 0.5 0.0727003 0.2307692 0 0.07906977 0.09831824 0 0 1.681459 0.1559669 0.9772945 0.6646562 2 1.081967 0.03508772 0 0.1094225 2 0.1499593 0.45 0.795053 0.6828392 2 0.2493415 0.9921997 0.112462 2.57622 2.865649 1.350188 0.3717172 4 0.05116279 0 0 0.08604651 0.7651163 0.2966667 0.5066667 0.01783724 0.04894434 0 0 9 1.448906 2.588092 5 1.053448 0.1450276 1.40625 1.263158 10.67474 0.7408696 0.3525641 0.4530303 13.28571 0.3807339 0.6634615 0.1174377 0.2880886 0.8372093 0.9273841 0.1603905 14 5 
0 0 0 0 4 0 0 0 0 0 0 0 0 0 0 0 0 0 0 0 0 0 0 1 0 0 0 0 1 0 0 0 1 3 0 0 0 0 0 0 0 0 0 0 0 0 0 0 0 0 0 0 0 0 0 2 0 0 0 0 1 0 0 0 0 0 0 0 0 
0.3531157 2.168687 0 0.44 3.094716 0.4465116 0.05265632 0 0 2.428571 0 0.02684564 0.07329843 1.240946 0.1302307 0.6774267 0.5606557 1 0.8356164 0.01449275 0 0.07487521 0.4790039 0.2225097 2 0.5896739 0.6275304 0.4935502 0.2692308 0.7418264 0.1256831 1.903976 2.876136 1.020151 0.7434343 1.942094 1 0 0 2.285714 21 0.2595628 0.56 0.02684564 0 0 0.03187919 9 1.269146 3.141534 1.216573 1.47479 0.1553785 2.25 0.8793103 4.459459 0.5165198 0.1456548 0.6984668 15.09695 0.4587156 0.875 0.1345694 0.2209302 0.6511628 0.4134988 0.2576687 13 6.932536 
0 0 0 0 13 0 0 0 0 0 0 0 0 0 0 0 0 9 0 0 0 0 0 0 0 0 0 0 1 0 0 0 1 2 0 0 0 0 0 0 0 0 0 0 0 0 0 0 1 0 0 0 0 1 0 6 0 0 0 0 0 0 0 0 0 0 0 0 0 
0.5498008 3.416579 0.2760943 0.52 3.428507 0.6886447 0.06478482 0 0.192053 1.183673 0.2660754 0.1354839 0.1357341 1.006533 0 0.4222894 0.7518308 0.7115523 0.6164384 0.01449275 2 0.09908735 0.3532639 0.1289398 0.332829 0 0.4150943 0.3656716 1 1.084165 0.2307692 1.729157 2.713384 1.550064 0.8341121 1.733711 0.8979592 0.1436077 0 0.8979592 11.42857 0.7877984 0.6533333 0.07741935 0.08259587 0.0816641 0.1225806 6 1.585941 4.327526 2 0.9605263 1 1.28125 0.8644068 5.434783 2 0.1244444 0.6217617 16.24566 1.094595 1.115023 1 0.1283422 0 0.8013699 0.246824 21 7.496283 
0 0 0 0 15 1 0 0 0 0 0 0 0 0 0 0 0 3 0 0 0 0 0 1 0 1 0 0 0 0 0 0 2 2 0 0 0 0 0 0 0 0 0 0 0 0 0 0 2 2 0 0 0 0 0 1 0 0 0 0 0 0 1 1 0 0 0 0 0 
0.5164993 3.700637 0.4297521 0.6533333 2.373 0.368 0.08231368 0.3761996 0.380531 3.59633 0 0.7804878 0.1904762 1.027003 0 0.355567 0.6196172 2 0.5384615 0 1.03423 0.05965909 0.464846 0.1237113 0.1492007 0 0.3532251 0.454321 1 1.25 0.4883721 1.472855 2.2958 1.654632 0.3219895 0.8338762 1.669725 0.172043 0 3.33945 34.93578 1.136213 0.5466667 0.4738676 0.0794702 0.07692308 0.445993 1 1.715385 2.894434 5 0.4463519 0.1111111 1.0625 1.189189 5.11488 0.7160343 0.1716738 0.4778761 11.47643 1.251534 0.9858357 0.146789 0.1630435 0.75 1 0.2249489 18 7.6 
0 0 0 0 12 0 0 0 0 0 0 0 0 0 0 0 0 5 0 0 0 0 0 0 0 0 0 0 0 0 0 0 1 1 0 2 0 0 0 0 0 0 0 0 0 0 0 0 1 4 0 0 0 2 0 2 0 0 0 0 1 0 2 0 0 0 0 0 0 
0.4912837 5.949464 1 2.068966 1.661572 0.5454545 0.07984546 0.2474227 0.4963504 3.274074 0.3317757 1.320574 0.1174863 0.7904831 0 0.2230127 0.4767947 0.4938154 0 0 0 0.0962963 0.2488688 0.1015228 0 0.5211726 0.3617021 0 2 0.527881 0.686747 1.177654 2.015376 3 0.320442 1.078947 4.407407 0.1904762 0 2.644444 22.41481 1.680723 1.551724 0.6889952 0.0281294 0.05960265 1.033493 3 1.190818 2.742015 4 0.4275362 0.1365248 0.9174312 0.8247423 5.448276 0.7112069 0.1577869 0.505618 11.80714 3 0.7291667 0.1846966 0.2803738 0.6 0.5890909 0.112 10 6.695122 
0 0 0 0 4 0 0 0 0 0 0 0 0 0 0 0 0 2 0 0 0 0 0 0 0 1 0 0 0 0 0 0 0 1 0 0 0 0 0 0 0 0 0 0 0 0 0 0 0 2 0 0 0 0 0 1 0 0 0 0 0 0 0 0 0 0 0 0 0 
0.3381375 5.726068 0.2244898 0.2634341 1.100379 0 0.1013865 0 0.1684211 2.033493 0.1444867 0 0.120075 0.3432282 0.2235023 0.2447217 0.2747043 0.7302937 0 0 1 0.0194274 0.2481077 0.08131655 0 0 2 0.4585987 0.1334232 0.5030303 0.4233577 0.8051257 1.143057 2.348178 0.2571429 0 12 0.1208054 0 2.277512 12.20096 1.240876 0.1975755 0.4518828 0.04516129 0.0652819 0 4 0.9211398 3.453237 4 5.503852 0.01799486 1.538462 0.4948454 4.630137 0.4259259 0.1296758 0.6086957 6.072948 5 1.280899 0.130273 1 0.5294118 1 0.2278481 7 5.738059 
0 0 0 0 5 0 0 0 0 0 0 0 0 1 0 0 0 1 0 0 0 0 0 0 0 0 0 1 0 0 0 0 0 2 0 0 2 0 0 0 0 0 0 0 0 0 0 0 1 0 0 0 0 1 0 0 0 0 0 0 0 0 1 0 0 0 0 0 0 
0.5109244 5.642978 0.1317365 0.1479466 1.253799 0.6892523 0.09504132 0 0.2739726 2.602871 0.1956522 0 0.1088083 0.3820319 0.1922197 0.344515 0.2176871 0.6265823 0 0 1.068136 0.1395349 0.5186074 0.106136 0.09594096 0.4156627 0.4985836 2 0.1014925 0.5241636 1.070423 0.8755061 0.9048031 1.994885 0.2880658 0.5531915 21 0.1506024 0 1.220096 10.49282 1.43662 0.1991588 0.8372093 0.04143646 0.08139535 0 3 0.892931 2.034286 3 3.536913 0.05504587 1 0.8679245 5.503448 0.6570048 0.1836735 0.4647887 6.507962 1.733333 1.078652 0.1875969 0.2807018 0.5294118 0.7674419 0.0955414 10 5.362416 
0 0 0 0 2 0 1 0 0 0 0 0 0 0 0 0 0 1 0 0 0 0 0 1 0 0 0 0 0 0 0 0 0 1 0 0 3 0 0 0 0 0 0 0 0 0 0 0 0 0 0 0 0 0 0 0 0 0 0 0 0 0 0 0 0 0 0 0 0 
0.3916084 4.4947 0 0 1.001105 0.6146572 0.09628009 0.3058824 0 2.75718 0 0 0.07832898 0.3251054 0 0.5536332 0.09062303 0.7578125 0 0 1.066845 0.08506616 0.5091514 0.06378132 0.08854167 0.4736842 0.433869 2 0 0.1648936 0 1.020344 0.8230858 1.121951 0.1121495 0.643617 14.30287 0 0 0.9477807 12.75196 0 0 0.7366071 0 0 0 0 0.6675779 1.657895 5 3.740964 1 1.384615 0.3658537 5.73494 0.2292994 0.07407407 0.440678 7.441509 1.833333 0.7179487 0.125 0.1777778 0 0 0.08333333 5 7.204819 
0 0 0 0 2 0 0 0 0 0 0 0 0 0 0 0 0 0 0 0 0 0 0 0 0 0 0 0 0 0 0 0 0 3 2 0 0 0 0 0 0 0 0 0 0 0 0 0 1 2 0 1 1 1 0 0 0 0 0 2 0 0 0 0 0 0 0 0 0 
0.3535354 5.885932 0.05740181 0 0.9172547 0.536193 0.2753165 0.1481481 0 0.6649077 0 0 0 0.3380615 0 0.9426752 0.08304498 0.4588185 0 0 4 0.09467456 0.5373134 0.08064516 1 0.5 0.5721831 0.9050633 0 0.4705882 0.4 1.228723 0.6586402 0.5740741 0 0.826087 8.647059 0 0 0.9752322 6.696594 1.183333 0.5333333 0.25 0.07692308 0 0 1 0.3599209 0.9107143 2 6.714922 0.1010101 0.4615385 0 5.12 0.5625 0 0 12.79091 0 1.734266 0.3111111 0 0 0.6743119 3 16 4.625835 
0 0 1 0 0 0 0 0 0 0 0 0 0 0 0 0 0 0 0 0 0 0 0 0 0 0 0 0 0 0 0 0 0 0 0 0 1 0 0 0 0 0 0 0 0 0 0 1 0 0 0 0 0 0 0 0 0 0 0 1 0 0 0 0 0 0 0 0 0 
0.5813953 5.482105 0.03323263 0 0.7360483 0.6639839 0.2658487 0.2631579 0 0 0 0 0 0.2467443 0.3712297 1.191275 0.05500382 0.2822926 0 0 3.26087 0.09615385 0.6653226 0.1020408 1.2 0 0.9112426 1 1.125 1.3 0 0.8169979 0.3661017 0.3310962 0.2281369 0.5907173 0 0 0 0 0 0.7444444 0.3666667 0.3125 0.25 0 0 0 0.2379747 0 6 6.090909 0.1860465 0.4761905 0 5.057471 3 0 0 14.35714 0 1.946903 0.3230769 0 0 2.315789 1.249417 13 4.841492 
0 0 0 0 2 0 0 0 0 0 0 0 0 0 0 0 0 0 0 0 0 0 0 0 0 0 0 0 0 0 0 0 0 0 0 0 0 0 0 0 0 0 0 0 0 0 0 0 0 0 0 0 0 0 0 0 0 0 0 0 0 0 0 0 0 0 0 0 0 
0.3770492 2.435946 0 0 0.7448276 0.9647391 0.2301255 0.1973684 0 0 0 0 0 0.3153469 0 0.8053691 0.0418483 0.3547439 0 0 2.335092 0.09836066 0.7394366 0.122449 1 0 0.8707124 3 0.319202 1.55 0.2777778 0.9397337 0.3333333 0 0.1002786 0.551532 0 0 0 0 0 1.366667 0.3555556 0.4375 0.2 0 0 1 0.2115003 1.906977 4 3.087199 0 0 0 6.023622 0 0 0 10.56772 0 2.144068 1 0 0 1.099174 0.1860465 6 7.955473 
0 0 0 0 2 0 0 0 0 0 0 0 0 0 0 0 0 1 0 0 0 0 0 0 0 0 0 0 0 0 0 0 0 3 0 0 0 0 0 0 0 0 0 0 0 0 0 0 0 1 0 0 0 0 0 1 0 0 0 0 0 0 0 0 0 0 0 0 0 
0.07949791 4.012579 0 0 0.6656934 1.076923 0.2608696 0.0875 0.9166667 0 0.1351351 0.1375 0 0.3095723 0.24 0.9563758 0.0273224 0.3639706 0 0 1.71875 0.0460251 0.1258741 0 0.56 0 0.625 4 0.3422222 0.5288889 0.5263158 0.6191446 0.2566064 0 0.2081448 0.8959276 0.625 0.2 0 0.1375 1.1375 1.526316 0.2888889 0.1875 0.1244444 0.09448819 0.125 0.8986175 0.1844262 1.5 3 3.137255 0 0 0 13.46154 0 0 0 8.431373 0 1.418182 0.2094763 0 0 2.271605 0.1428571 6 4.019608 
0 0 0 0 1 0 0 0 0 0 0 0 0 0 0 0 0 2 0 0 0 0 0 0 0 1 0 0 0 0 0 0 0 1 0 0 0 0 0 0 0 0 0 0 0 0 0 0 0 2 0 0 0 0 0 0 0 0 0 0 0 0 0 0 0 0 0 0 0 
0.07829181 4.027624 0 0.9855072 0.4313222 0.9958506 0.2864769 0.1 1.208333 0 0.3846154 0.1875 0.135626 0.1757151 0.4563895 0.7560976 0.03858521 0.3415765 0 0 1.103448 0.05243446 0.1273885 0 0.535316 0 0.7356322 3 0 0 1.376 0.5438493 0.2693378 0.1428571 0 0.9049774 0.5625 0.325 0 0.2 0.975 2.848 0.5049505 0.21875 0 0.06666667 0.1125 1 0.1402337 1.142857 2 2.850972 1 0 0.106383 6.741935 0 0.1428571 1.710583 8.552916 0.5714286 1.016949 1 0.1276596 0 1.349693 0 2 4.086393 
0 0 0 0 1 0 0 0 0 0 0 0 0 0 0 0 0 1 0 0 0 0 0 0 0 0 0 1 0 0 0 0 1 0 0 0 0 0 0 0 1 0 0 0 0 0 0 0 0 0 0 0 0 0 0 1 0 0 0 0 0 0 0 0 0 0 0 0 0 
0.05847953 3.91055 0 0.9275362 0.1140732 0.7896866 0.1478873 0.4166667 1.416667 0.3333333 1 1.583333 0 0.04154969 0 0 0.008939974 0.1520722 0.1565495 0 1.578431 0.04878049 0.1653333 0 0.2683706 0 0 2 0 0 0.8387097 0.1618563 0.2358538 0.1918295 0.07082631 0.6554622 2.375 1.333333 2.416667 0.6666667 3.75 4.322581 0.8695652 0.25 0 0.03370787 2 0 0.09313971 2.821429 5 5.484751 0 0 0.5517241 2.451807 0 1 3.226324 5.723618 1.370968 0.7959866 0.1818182 0.8275862 0 3.313253 2 5 4.40931 
0 0 0 0 0 0 0 0 0 0 0 0 0 0 0 0 0 0 0 0 0 0 0 0 2 0 0 1 0 0 0 0 0 0 1 0 0 0 0 0 0 0 0 0 0 0 0 0 0 3 0 0 0 0 0 1 0 0 0 0 0 0 0 0 0 0 0 0 0 
0.1769912 3.559476 0 3.487179 0.09119171 0.8961303 0.219697 0.32 1.791667 0.3333333 0.5668203 1.291667 0 0.01334604 0 0 0.00896861 0.1989263 0.1913876 0 2.538262 0.1187215 0.2034884 0.2820513 0.4117647 0 0.5914397 2 0 0.3076923 2 0.08589251 0.375982 0.6507592 0.07894737 0.3875969 2.625 2.5 3.625 0.75 6.375 10.04762 2.153846 0.5 1 0.06179775 0.2916667 0 0.1533857 3.319149 5 8.227669 0 0 0.2058824 4.344444 0 0.3673469 6.740741 9.664341 1.714286 0.7277228 0.1781473 0.6691176 0.1842105 3.866667 0.1787234 4 5.749455 
0 0 0 0 3 0 0 0 0 0 0 0 0 0 0 0 0 0 0 0 0 0 0 0 0 0 0 0 0 1 0 0 1 0 0 0 0 0 0 0 0 1 0 0 0 0 0 0 0 0 0 1 0 0 0 1 0 0 0 0 0 0 0 0 0 0 0 0 0 
0.3140496 8.837004 0 3.948718 0.2288248 1.58961 0.2735043 0.3963964 1.916667 0.5416667 0.9767442 2.208333 0 0.07275734 0 0 0.03066038 0.2204155 0.1121657 0 2.58317 0.2108108 0.5141643 0.4238411 1.517241 0 0.5596869 1.506849 1.018182 0.6131387 2.666667 0.1835871 0.6017699 0.5178463 0 0 3.5 3.125 3.041667 1.125 9.375 13.2381 3.179487 0.75 0 0.1304348 2 0 0.1898632 3.829787 7 23.43243 0.06486486 0 0.328125 4.169811 0.3 0.3673469 13.14761 10.32234 4 0.3447581 0.1065652 1.148438 1 3.083512 0.212766 23 14.2079 
0 0 0 0 2 0 0 0 0 0 0 0 0 0 0 0 0 0 0 0 1 0 0 0 2 0 0 0 0 0 0 0 0 0 0 0 0 0 0 0 0 1 0 0 0 0 0 0 0 0 0 0 0 0 0 0 0 1 0 0 0 0 0 0 0 0 0 0 0 
0.2515723 7.590361 0 5.384615 0.461126 1.79854 0.3932203 0.3103448 0 0 0.6724138 0 0 0.1279264 0 0 0.04315418 0.267159 0.3191489 0 2 0.2393617 0.4636628 0.4563758 1.758621 0 0.4760113 7 0.9090909 0.4528302 2.205128 0.4077754 0.7274575 0.5303514 0 0 0 0 0 0 0 14.97436 3.230769 0 1 0.1341463 0 0 0.2519685 4.432665 4 26.46086 0 1 1.241935 3.253863 0.2083333 0.5510204 17.14664 13.36044 2.204082 0.4660377 1 1.129032 0.5 5.044534 0.6217765 24 15.98236 
0 0 0 0 0 0 0 0 0 0 0 0 0 0 0 0 0 0 0 0 0 0 0 0 0 0 0 0 0 0 0 0 0 0 1 0 0 0 0 0 0 2 0 0 0 0 0 0 1 0 0 0 0 0 0 0 0 0 0 0 0 0 0 0 0 0 0 0 0 
0.2795341 6.251163 0 0.1822626 0.677702 1.706569 0 0.137931 0.4036697 0.04587156 0 0.4311927 0 0.1987121 0 0 0.03855232 0.224162 0.09463722 0 5 0.1915285 0.5579399 0.4372093 1.068966 0 0.9723954 2.834586 1.142857 0.2482759 0.150838 0.6366651 0.9641998 0.4550469 0 0 0.9816514 0.3761468 0.7155963 0.2477064 1.724771 2.229358 0.1717877 0.1559633 1 0.2096774 0.2201835 2 0.42319 6.219178 4 15.12909 1 0 0.25 4.034115 0.3793103 0.5 9.117534 10.76879 3.428571 0.6266925 0.2632075 0.8125 0.5 3.606852 0.3287671 11 13.7264 
1 0 0 0 1 0 0 0 0 0 0 0 0 0 0 0 0 0 0 0 0 0 0 0 0 0 0 0 2 0 0 0 0 0 1 0 0 0 0 0 0 0 0 0 0 0 0 0 1 0 0 0 0 0 0 0 0 0 0 0 2 0 0 0 0 0 0 0 0 
0.2043011 8.955224 0 0.1763537 0.5134707 2.628352 0 0.2068966 0 0.06504065 0 0 0 0.1851305 0 0 0.058873 0.1962245 0.4237288 0 2.316832 0 0.6342142 0.2604651 0.8275862 0 0.930701 2 0 0.1142857 0.1092896 0.4176829 0.5879279 0.2623907 0.1092896 0.3204173 0.6178862 0 0 0.146789 0.7093023 0 0.1838053 0 0.1931034 0.125 0 2 0.3710478 2.858223 1 4.195612 1 0 0.09876543 5.142857 0.1818182 0.3529412 5.205667 7.303473 0.7647059 0.3262643 0.1258503 0.2222222 0 2.459973 0.3969754 2 4.739488 
0 0 0 0 2 0 0 0 0 0 0 0 0 0 0 0 0 0 0 0 0 0 0 0 0 0 0 0 0 0 0 0 0 0 0 0 1 1 0 0 1 1 0 0 0 0 0 0 0 0 0 0 0 0 0 1 0 0 0 0 0 0 0 0 0 0 0 0 0 
0.648368 7.490132 0 0 0.8592284 1.108434 0 0.07207207 0 0.04878049 0 0 0 0.1770335 0 0.2101617 0.06497462 0.7542857 0 0 5 0 0.3994778 0.1631799 0.4864865 0 0.6734555 2.129948 0.9677419 0.2903226 0 0.4578059 0.5097433 0.08981693 0.0931677 0.2515528 0.8861789 0 0 0.1284404 1.081395 0 0 0 1 0.075 0 2 0.3365295 3.695767 5 5.074866 0 0 0.09756098 3.874552 0.1363636 0.28125 4.796791 7.160428 0.96875 0.5063291 0 0.2682927 0 4.407346 0.2037037 4 6.187166 
0 0 0 0 1 0 0 0 0 0 0 0 0 0 0 0 0 1 0 0 0 0 0 0 0 0 0 1 0 0 0 0 1 0 1 0 1 0 0 0 0 0 0 0 0 0 0 0 0 0 0 0 0 0 0 0 0 0 0 0 0 0 0 0 0 0 0 0 0 
0.8041237 5.7 0 0 1.139592 1.048193 0 0 0 0 0 0 0 0.1609345 0 0.2632794 0.02544529 0.5885714 0 0 4 0.1403888 0.6222222 0 0 0 1.271028 6 0.6538462 0.1538462 0 0.7964934 1.016856 0.1674926 0.1309271 0.3573956 0.9105691 0 0 0.2018349 1.505814 0 0 0 0 0 0 0 0.4715262 3.533557 9 4.149109 0 0 0 3.961722 0.1730769 0.28125 4.991896 5.380875 1 0.2002427 0.1073986 0.2439024 0 3.618557 0.1208054 0 5.899514 
0 0 0 0 0 0 0 0 0 0 0 0 0 0 0 0 0 0 0 0 0 0 2 0 0 0 0 0 0 0 0 0 0 0 0 0 0 0 0 0 0 1 1 0 0 0 0 1 1 0 0 0 0 0 0 0 0 0 0 0 0 0 0 0 0 0 0 0 0 
0.8103896 3.686747 0 0 0.9263658 0.7831325 0 1 0 0.08943089 0 0 0 0.1363636 0 0 0.05992011 0.5542857 0 0 2.829787 0.2493506 0.5774059 0.477707 0.3516484 0 1.257664 4.650273 0.5333333 0.4347826 0 0.7256318 0.8949011 0.1709184 0.1939235 0.3507127 1.056911 0 0 0.2752294 1.482558 0 0 0 0.375 0 0 1 0.5723205 3.64557 3 4.169118 0 0 0 2.86747 0.2 0.21875 4.477941 6.639706 0.96875 0.3324361 0.08743169 0.3414634 0 3.101737 0.2025316 1 4.169118 
0 0 0 0 1 0 0 0 0 0 0 0 0 0 0 0 0 0 0 0 0 0 1 0 0 0 0 0 1 0 0 0 0 0 0 0 0 0 0 0 0 0 0 0 0 0 0 0 0 0 0 0 0 0 0 0 0 0 0 0 0 0 0 0 0 0 0 0 0 
0.3927393 2.984694 0 0 1.307068 0.8674699 0 0.07843137 0 0 0 0 0 0.1665569 0 0.07692308 0.04095309 0.344697 0 0 2.286334 0.1155116 0.5384615 0.8131868 0.3516484 0 0.9762151 4.107623 0.6333333 0.3043478 0 0.9505322 1.005604 0.375 0.1742919 0.4139434 0 0 0 0 0 0 0 0 0.375 0 0 3 0.8059093 1.662162 1.813953 3.129353 0 0 0 3.292035 0.3666667 0.3125 4.820896 7.61194 0.625 0.3210445 1 0.2195122 0 2.471264 0.1621622 7 4.820896 
0 0 0 0 0 0 0 0 0 0 0 0 0 0 0 0 0 0 0 1 0 0 0 5 0 0 0 0 1 0 0 0 0 0 0 0 0 0 0 0 0 1 0 0 0 0 0 0 1 0 0 0 0 0 0 0 0 0 0 0 0 0 0 0 0 0 0 0 0 
0.3007519 1.415094 0 0 1.032376 0.3741648 0 0.1078431 0 0 0 0 0 0.3146395 0 0.111293 0.05267779 0.344697 0 0 1.109589 0.06015038 0.2276786 0.7582418 1 0 0.801214 2.373288 0.1451852 0.4375 0 0.9345279 1.436135 0.6597938 0.1603563 0.3741648 0 0 0 0 0 0 0 0 2 0 0 3 0.8153541 1.315789 1.454545 5.318182 0 0 0 1.641509 0 0 6.647727 8.715909 0 0.1064302 1 0 0 1.781818 0.1403509 7 7.534091 
0 0 0 0 0 0 0 0 0 0 0 0 0 0 0 0 0 0 0 0 0 0 0 1 0 0 0 0 0 0 0 0 1 0 0 0 0 0 0 0 0 0 0 0 0 0 0 0 0 0 0 0 0 0 0 0 0 0 0 0 0 0 0 0 0 0 0 0 0 
0.09795918 0.1369082 0 0.2652596 0.994003 0.4449515 0 0.2592593 0 0 0 0 0 0.313253 0 0 0.1143086 0 0.07346939 3 0.5240175 0.04081633 0.5625 2.6875 0.75 0.4244898 0.2969432 0.7947598 0.1306122 2 0.2994866 1.044177 2.06754 0.7589499 0.2652596 0.5733029 0 0 0 0 0 0 0.5134056 0 1 0 0 4 1.726396 1.77193 1.070175 6.115108 0 0 0.3333333 3.083333 0.4166667 2 4.333333 13.1295 3.166667 0.04366812 0.04149378 0.5263158 0 1.652174 0.07017544 6 11.69065 
0 0 0 0 0 1 0 0 0 0 0 0 0 0 0 0 0 0 0 0 0 0 0 0 0 0 0 0 0 0 0 0 0 0 0 0 0 0 0 0 0 0 0 0 0 0 0 0 0 0 0 0 0 0 0 0 0 0 0 0 0 0 0 0 0 0 1 0 0 
0.2413793 0.1611877 0 1.422222 0.5078929 0.407211 0.1383285 1 0 0 0.2857143 0 0 0.1461988 0 0 0.08 0 0.1481481 1 2.482759 1 0.1980198 1.209302 0.2790698 0.7037037 1.341176 3.241379 0.1584158 3 2.577778 0.5409357 0.8937931 0.53125 0.1611877 0.3478261 0 0 0.3157895 0 0 7.111111 5.155556 0 0 0 0 1 0.7944828 0 0 3.373494 0 0 2 1.75 0.6666667 0.09615385 2.75 10.45783 0.4423077 0 0 0.119403 0 0.5176471 0 4 8.771084 
0 0 0 0 0 0 0 0 0 0 0 0 0 0 0 0 0 0 0 0 0 0 1 0 0 0 0 0 0 0 0 0 0 0 0 0 0 0 0 0 0 0 0 0 0 0 0 0 0 0 0 0 0 0 0 0 0 2 0 0 1 0 0 0 0 0 0 0 0 
0.1527778 0 0 2.123077 0.496586 0 0.4727273 1 0 0 0.6315789 0 0 0.1839685 0.15625 0.1393643 0.048583 0 3 0 1.083333 0.09722222 0.122807 0.2903226 0.5185185 0.4193548 0.8300971 0.978022 0.1456311 0.1019417 3.784615 0.5387648 0.8370987 0.4166667 0.1252319 0.4174397 0 0 0.2631579 0 0 10.8 4.338462 0 0 0 0 2 0.6932224 0 0 2.831858 0 0 3 3 1.333333 0.6428571 4.916667 10.61947 1.32 0.4347826 0 0.3859649 0 0.4235294 0 3 11.18584 
0 0 0 0 1 0 0 0 0 0 0 0 0 0 0 0 0 1 0 0 0 0 0 1 0 0 0 0 0 0 0 0 2 0 0 0 0 0 0 0 0 0 0 0 0 0 0 0 1 0 0 0 0 0 0 0 0 1 0 0 1 0 0 0 0 0 0 0 0 
0 0 0 1.263158 0.6170073 0 0.5496183 1 0 0 0.6315789 0 0 0.18853 0.2281879 0.1879195 0 0.5558753 0.2222222 0 2 0 0.1757322 1 0.6296296 0.6451613 0.350365 0.76 0.07664234 0 2.842105 0.7626895 0.6891253 0 0.1184652 0.3371703 0 0 0.7037037 0 0 4.989474 1.768421 0 0 0 0 0 0.5070922 0 0 3.488987 0 0 0 2.083333 0.8333333 0.9710983 4.083333 7.995595 0 0.3165829 0.141844 0.3012552 0 0.1882353 0 10 10.61233 
0 0 0 0 0 0 0 0 0 0 0 0 0 0 0 0 0 0 0 0 0 0 0 0 0 0 0 0 0 0 0 0 1 0 0 0 0 0 0 0 0 0 0 0 0 0 0 0 0 0 0 0 0 0 0 0 0 1 0 0 1 0 0 0 0 0 1 0 0 
0 0 0 1.136842 0.9710983 0 0.6513995 3 0 0 0.5684211 0 0 0.3208092 0.2818792 0.3825503 0.09027778 0.9036885 0.3333333 0.06451613 0.8113208 0 0.1757322 0.483871 0.5185185 0.5645161 0.350365 0.776 0.1751825 0.05474453 2 1.135838 1.167415 0 0.1106557 0.4241803 0 0 1.037037 0 0 5.115789 2.463158 0 0.08759124 0 0 2.257768 0 0 0 5.272727 0 0 1 4.916667 1.25 1.1 5.583333 6.382775 5 1.475728 0.1023256 0.9146341 0 0.3882353 0 10 12.76555 
0 0 0 0 1 0 0 0 0 0 0 0 0 0 0 0 0 2 0 0 0 0 0 0 1 0 0 0 0 0 0 0 0 0 0 0 0 0 0 0 0 0 0 0 0 0 0 2 0 0 0 0 0 0 1 0 0 0 0 0 0 0 0 0 0 0 0 0 0 
0 0 0 0.24 1.190765 0 0.5868726 0 0 0 1 0 0 0.2673147 0.2296651 0.3157895 0.1020408 0.7022375 0 0 0 0 0 0 0 0 0 0 0 0 1.2 0.9477521 1.470653 0 0.1239243 0.3614458 0 0 0 0 0 2.04 1.12 0 0 0 0 6 0.6555925 14.52083 0 2.65625 0 0.1787709 1 1.96648 0.3128492 1.25 7.260417 6.90625 2.939759 1.349398 0.125 0.6256983 0 2.833333 1 7 12.21875 
0 0 0 0 0 0 0 0 0 0 0 0 0 0 0 0 0 0 0 0 0 0 0 0 0 0 0 0 0 0 0 0 0 0 0 0 0 0 0 0 0 0 0 0 0 0 0 2 0 0 0 0 0 0 0 0 0 0 0 0 0 0 1 0 0 0 0 0 0 
0 0 0 0 0.1726027 0 0.05555556 0 0 0 0 0 0 0.09589041 0.05128205 0.07692308 0 0.0952381 0 0 0 0 0 0 0 0 0 0 0 0 0 0.230137 0.35 0 0 0.04761905 0 0 0 0 0 0 0 0 0 0 0 0.8610478 0.1375 2.947368 4.052632 0 0 0 0 0.2 0 0 4 4 1 1 0 1 0 1 0 1 3.315789 
0 0 0 0 0 0 0 0 0 0 0 0 0 0 0 0 0 0 0 0 0 0 0 0 0 0 0 0 0 0 0 0 0 0 0 0 0 0 0 0 0 0 0 0 0 0 0 0 0 0 0 0 0 0 0 0 0 0 0 0 0 0 0 0 0 0 0 0 0 
0 0 0 0.1549296 0 0 0 0 0 0 0 0 0 0 0 0.07042254 0 0.1830986 0 0 0 0 0 0 0 0 0 0 0 0 0 0 0.2535211 0.5142857 0 0.2394366 0 0 0 0 0 0 0.05633803 0 0 0 0 0 0 0 0 0 0 0 0 0 0 0 0 0 0 0 0 0 0 0 0 0 0 
0 0 0 0 0 0 0 0 0 0 0 0 0 0 0 0 0 0 0 0 0 0 0 0 0 0 0 0 0 0 0 0 0 0 0 0 0 0 0 0 0 0 0 0 0 0 0 0 0 0 0 0 0 0 0 0 0 0 0 0 0 0 0 0 0 0 0 0 0 
0 0 0 0 0 0 0.05194805 0 0 0 0 0 0 0 0 0.05194805 0 0.1818182 0 0 0 0 0 0 0 0 0 0 0 0 0 0 0.1688312 0.2439024 0 0.2857143 0 0 0 0 0 0 0.07792208 0 0 0 0 0 0.06493506 0 0 0 0 0 0 0 0 0 0 0 0 0 0 0 0 0 0 0 0 
0 0 0 0 0 0 0 0 0 0 0 0 0 0 0 0 0 0 0 0 0 0 0 0 0 0 0 0 0 0 0 0 0 0 0 0 0 0 0 0 0 0 0 0 0 0 0 0 0 0 0 0 0 0 0 0 0 0 0 0 0 0 0 0 0 0 0 0 0 
0 0 0 0 0 0 0 0 0 0 0 0 0 0 0 0 0 0.2716049 0 0 0 0 0 0 0 0 0 0 0 0 0 0 0.1728395 0.4888889 0 0.3703704 0 0 0 0 0 0 0 0 0 0 0 0 0 0 0 0 0 0 0 0 0 0 0 0 0 0 0 0 0 0 0 0 0 
0 0 0 0 0 0 0 0 0 0 0 0 0 0 0 0 0 0 0 0 0 0 0 0 0 0 0 0 0 0 0 0 0 0 0 0 0 0 0 0 0 0 0 0 0 0 0 0 0 0 0 0 0 0 0 0 0 0 0 0 0 0 0 0 0 0 0 0 0 
0 0.326087 0 0 0 0 0 0 0 0 0 0 0 0 2 2 0 3 0 0 0 0 0 0 0 0 0 0 0 0 1 0.2380952 0.1578947 0.3157895 1 0.4565217 0 0 0 0 0 0 0 0 0 0.147541 0 0 0 0 0 0 0 0 0 0 0 0 0 0 0 0 0 0 0 0 0 0 0 
0 0 0 0 0 0 0 0 0 0 0 0 0 0 0 0 0 0 0 0 0 0 0 0 0 0 0 0 0 0 0 0 0 0 0 0 0 0 0 0 0 0 0 0 0 0 0 0 0 0 0 0 0 0 0 0 0 0 0 0 0 0 0 0 0 0 0 0 0 
0 0.3947368 0 0 1 0 5.5 0 0 0 0 0 0 1 0 0.6666667 0 0.6666667 0 0 0 0 0 0 0 0 0 0 0 0 0 6 0.1470588 4 0.2368421 0.1973684 0 0 0 0 0 0 0 0 0 0.1690141 0 0 0.07352941 0 0 0 0 0 0 0 0 0 0 0 0 0 0 0 0 0 0 0 0 
0 0 0 0 0 0 0 0 0 0 0 0 0 0 0 0 0 0 0 0 0 0 0 0 0 0 0 0 0 0 0 0 0 0 0 0 0 0 0 0 0 0 0 0 0 0 0 0 0 0 0 0 0 0 0 0 0 0 0 0 0 0 0 0 0 0 0 0 0 
0 0 0 0.2823529 0 0 4 0 0 0 0 0 0 1 2 3 0.08474576 1 0 0 0 0 0 0 0 0 0 0 0 0 0 0.7 0.7272727 0.1864407 0.1882353 0.3294118 0 0 0 0 0 0 0 0 0 0.1743119 0 0.1506849 0.1298701 0 0 0 0 0 0 0 0 0 0 0.9090909 0 0 0 0 0 0 0 0 1 
0 0 0 0 0 0 0 0 0 0 0 0 0 0 0 0 0 0 0 0 0 0 0 0 0 0 0 0 0 0 0 0 0 0 0 0 0 0 0 0 0 0 0 0 0 0 0 0 0 0 0 0 0 0 0 0 0 0 0 0 0 0 0 0 0 0 0 0 0 
0 0 0 0 2 0 5 0 0 0 0.02290076 0 0 1 0.1 2 0.1242236 2 0 0 0 0 0 0 0 0 0 0 0 0 1 0.5238095 0 0.2075472 0.3636364 0.5454545 0 0 0 0 0 0 0.1744186 0 0 0.0648855 0 0.1636364 0.1267606 0 0 0 0 0 0 0 0 0 0 0.5 0 0 0 0 0 0 0 0 0 
0 0 0 0 0 0 0 0 0 0 0 0 0 0 0 0 0 0 0 0 0 0 0 0 0 0 0 0 0 0 0 0 0 0 0 0 0 0 0 0 0 0 0 0 0 0 0 0 0 0 0 0 0 0 0 0 0 0 0 0 0 0 0 0 0 0 0 0 0 
0 0 0 0.09478673 0.1447964 1 0.4615385 0 0 0 0 0 0 0.122807 0.06140351 1 0.1136364 0.7142857 0.2790698 0.04597701 0 0 0 0.0127551 0 0 0 0 0 0 0 1.235294 0.7746479 0 0.3636364 0.9545455 0 0 0 0 0 0 0.1184834 0 0 0.09026128 0 0.54 0.137457 0 0 0 0 0 0 0 0 0 0 0.8214286 0 0 0 0 0 0 0 0 0.4642857 
0 0 0 0 0 0 0 0 0 0 0 0 0 0 0 0 0 0 0 0 0 0 0 0 0 0 0 0 0 0 0 0 0 0 0 0 0 0 0 0 0 0 0 0 0 0 0 0 0 0 0 0 0 0 0 0 0 0 0 0 0 0 0 0 0 0 0 0 0 
0 0 0 0.244898 0.2692308 0 0.2162162 0 0 0.03498542 0 1 0 0.2511628 0.02654867 0.3010753 0.2937853 1.610738 0 0 0.6760563 0.46875 0.1230769 0.02162162 0 0 0 0 0 0 0 0.8215768 2.168675 1.904762 0.3181818 0.8181818 0.03834808 0.02787879 0 0.02359882 0.4896755 0.01631321 0.2857143 0.01631321 0 0 0.01769912 1.551546 1 0 0 6 0 0 0 0 0 0.05 6 0.6813187 0.3076923 0 0.1025641 0 0 0.3267327 0.4137931 0 1.145833 
0 0 0 0 0 0 0 0 0 0 0 0 0 0 0 0 0 0 0 0 0 0 0 0 0 0 0 0 0 0 0 0 0 0 0 0 0 0 0 0 0 0 0 0 0 0 0 0 0 0 0 0 0 0 0 0 0 0 0 0 0 0 0 0 0 0 0 0 0 
0.5263158 0 0 0 0.4400978 0.1639344 0.04575163 0 0 0.4262964 0.01788376 2 0 0.7651715 0.02419355 0.2962963 0.3363363 1.468852 0.627907 0 0.6122449 0.6233766 0.1363636 0.1023143 0.06103286 0 0.5246637 0 0 0.3116883 0 1.885764 3.147321 1.862745 0.3181818 0.3636364 0.2287823 0.2938254 0.7699287 0.1882353 6.957004 0 0 0.2394413 0.01424051 0 0.2823529 3 2.847023 0 0 1.397059 0 0 0 0 0 0.04511278 0.7222222 0.440367 0.1911765 0.1176471 0 0 0 0.2702703 1 0 1.4 
0 0 0 0 0 0 0 0 0 0 0 0 0 0 0 0 0 0 0 0 0 0 0 0 0 0 0 0 0 0 0 0 0 0 0 0 0 0 0 0 0 0 0 0 0 0 0 0 0 0 0 0 0 0 0 0 0 0 0 0 0 0 0 0 0 0 0 0 0 
0.1883562 0.08413002 0.05035971 0 0.7186992 0.1119403 0.04210526 0 2 0.5763441 0 0.1934847 0.3042596 1.581837 0.1427061 0.1538462 1.172036 5 1.009346 1 0.3166667 1 0 0.1152637 0.03975155 0.5266458 0.3255543 0 0.124031 0.1141304 0 2.392705 5.713691 11 0.2323944 0.7272727 0.7298876 0.5405658 1.502172 0.5251728 9.705882 0 0 0.4776903 0.138191 0.882662 0.1382034 3 4.037563 6 0.01724138 0.9529412 1 0 0.04464286 0.3081081 0 0 0.4375 0.2977099 1 0.07377049 0.0243309 0 0.18 0.228739 0 1 0.4191617 
0 0 0 0 0 0 0 0 0 0 0 0 0 0 0 0 0 0 0 0 0 0 0 0 0 0 0 0 0 0 0 0 0 0 0 0 0 0 0 0 0 0 0 0 0 0 0 0 0 0 0 0 0 0 0 0 0 0 0 0 0 0 0 0 0 0 0 0 0 
0.2305229 0.3773585 0.1560694 0.06759443 2.493122 0.1027837 0.1855828 0 0.2172112 1.494285 0.1552393 0.3869694 0.5304276 3.754398 0.2892768 0.5234467 2.505263 1 1.756098 1 0.8041698 0.2580982 1 0.1957876 0.113852 1.385787 0.3617571 0.07959184 0.2058166 1 0 6.179402 7.768786 0 0.2272727 0.4583333 0.5734831 1.368049 1.729282 0.9674235 28 0.3674699 0 0.9265108 0.3768204 0.6352129 0.7186575 20 4.188679 2 0 1.046154 0.06417112 0 0 0.9601483 0.2164948 0.1101852 0 0.2680251 1 0 0.06880734 0.04918033 0 0 0.1639344 0 0.6762295 
0 0 0 0 0 0 0 0 0 0 0 0 0 0 0 0 0 0 0 0 0 0 0 0 0 0 0 0 0 0 0 0 0 0 0 0 0 0 0 0 0 0 0 0 0 0 0 0 0 0 0 0 0 0 0 0 0 0 0 0 0 0 0 0 0 0 0 0 0 
3 1.074169 0.5135802 0.3414634 7.133047 0.1851852 0.6486161 1 1.008917 2.04689 0.8337408 0.9861213 0 13.84437 1.126437 1.679104 8.155744 2 4 0.06339623 2.194894 0.6699029 0.409894 0.4551109 0.3108952 5 1.3642 0.5918226 0.3583569 1 1.581921 17.7217 16.25076 0 0.7017544 0.8549223 0.7810691 1.76052 3.613059 0.9203798 26 2.025316 3.276836 1.095485 1.461794 10 1.336742 64 11.37531 1 0 1.43215 0 0 0.4870849 1.85966 0.5791001 0 0.815864 0.3017341 1.425743 0 0.3522936 1 0.345679 0.4225352 0 0 1.131026 
0 0 0 0 0 0 0 0 0 0 0 0 0 0 0 0 0 0 0 0 0 0 0 0 0 1 1 0 0 0 0 0 0 0 0 0 0 0 0 0 0 0 0 0 0 0 0 0 0 0 0 0 0 0 0 0 0 0 0 0 0 0 0 0 0 0 0 0 0 
3 1.029277 1 0.9155313 13.12947 0.309375 0.8966468 0 0.8350596 1.861458 0.9244992 0.771028 6 10.70975 1.698225 1.23331 9.237323 0 3 0 2.880993 2 0.6402846 0.5375869 0.7025761 5 2.085678 1.006993 0.6765064 1.150265 2.14786 19.29674 18.65672 1.673499 0.7592847 2 1.493705 1.22282 4.15875 1.718166 16.26855 3.115265 4.103448 0.8255118 0.9791167 2.37557 1.195246 78 12.35376 4 0 1.520567 0.5351321 0 0.6517572 2.30631 0.8774765 0.2260308 1.190965 0.5705833 1.87207 1.757962 0.7229805 0.4526316 0.1724138 0.3260011 0.1732852 0 1.649863 
1 0 0 0 0 0 0 0 0 0 0 0 0 0 0 0 0 0 1 0 0 0 0 0 0 0 0 0 0 0 0 0 0 0 0 0 0 0 0 0 0 0 0 0 0 0 0 0 0 0 0 0 0 0 0 0 0 0 0 0 0 0 0 0 0 0 0 0 0 
0 1.293631 2 0.6081081 16.25937 0.434717 0.4641075 3 0.5040775 1.370798 0.8119065 0.6003359 1 15.27835 1.843535 1.34375 9.636883 1 2.457265 2 2 0.7346939 0.6882312 0.398862 0.420765 3.908185 1.588141 3 0.6434231 1.092511 5 20.02354 27.61216 1.4974 0.8022657 0 0.9889532 1.233822 3.948399 0.9636166 11.41852 2.269972 3.349835 0.80656 1.043134 2.001281 0.6988868 89 16.61021 4 0 1.845444 0.443038 0 3 2.884983 0.6320431 0.3574975 1.599297 0.9917039 4 1.95016 0.5877863 0 0.1780822 0 0.1337047 0 1.135557 
0 0 0 0 0 0 0 0 0 0 0 0 0 0 0 0 0 0 0 0 0 0 0 0 0 2 0 0 0 0 0 0 0 0 0 0 0 0 0 0 0 0 0 0 0 0 0 0 0 0 0 0 0 0 0 0 0 0 0 0 0 0 0 0 0 0 0 0 0 
1.138267 1.447346 0.7129456 2 26.28885 0.5092967 0.7588533 1 0.1575796 0.6777164 0.7942469 0.2349398 1.064058 19.95854 2.013986 2.011905 14.10076 0 2.811448 0.1635762 3.040537 0.6290719 0.8638464 0.5372768 0.3970004 3.508628 1.520216 0 0.5372807 1.364266 2 23.63872 39.00572 1.463526 1.021542 1.213483 0.5143247 4 3.860769 0 8 3.25641 3.333333 0.4898481 0.6899176 1.840389 0.372442 111 22.058 5 0 0 0.5203443 0 0.4856115 2.873035 0.5533537 0.2995392 1.517241 0.8841259 1.254665 2.125206 0.5195072 0.4874275 0 0.1564417 0 4 0.9428951 
0 0 0 0 0 0 0 0 0 0 0 0 0 0 0 0 0 0 0 0 0 0 0 0 0 0 0 0 0 0 0 0 0 0 0 0 0 0 0 0 0 0 0 0 0 0 0 0 0 0 0 0 0 0 0 0 0 0 0 0 0 0 0 0 0 0 0 0 0 
0.733648 1.239936 0.8971684 0.7276265 30.2378 0.2774566 0.6684073 0 0.1220687 0.6406538 1.149357 0.1980865 0.5652997 17.18494 1.734605 1.416064 14.01994 1 1.149701 1 2 0.414375 0.6789655 0.2768657 0.3431151 5 1.050258 0.5832583 0 0.6745887 1.725888 20.76667 41.41837 2.106329 1.141538 1.120567 0.3281037 0.5042882 2.967423 0.2216917 4.397766 3.5 2.888889 0.4071507 0.3531532 1.417183 0.4877217 125 21.558 1.095571 0 1.531365 0.4035309 0 0.3966942 2.485981 0.5117163 0.2946429 0.7485822 1.086826 3 0 0.3311513 0.3082803 0 0.2176542 0 0 0.8424884 
0 0 0 0 0 0 0 0 0 0 0 0 0 0 0 0 0 0 0 0 0 0 1 1 0 0 0 0 0 0 0 0 0 0 0 0 0 0 0 0 0 0 0 0 0 0 0 0 0 0 0 0 0 0 0 0 0 0 0 0 0 0 0 0 0 0 0 0 0 
2 0.7480781 0.5429616 0.4609524 19.55357 0 0.697561 0 0.1131013 0.400314 0.5448718 0.154485 0.633982 12.24068 1.33574 1.424741 9.188215 0 0.7784431 0.04814443 1.936864 0.5184193 0.5458453 0.2553077 0.2637187 3 1.158984 0.626461 0 0.9265176 0.7160494 15.52637 28.53829 2.022906 0.6054054 1.137441 0.2254697 0.3732929 1.847765 0.2160752 3.772771 2.042254 1.877934 0.1860236 0.161047 0.6109799 0.2395616 92 17.52257 0.8341385 0 1.196429 0.3494647 0 0 2.594203 0.5925926 0.1218451 0.4920128 0.8141866 0.7172996 0.8797468 0 0.1414141 0 0.1938591 0 0 0.7872763 
0 0 0 0 0 0 0 0 0 0 0 0 0 0 0 0 0 0 0 0 0 0 0 0 0 0 0 0 0 0 0 0 0 0 0 0 0 0 0 0 0 0 0 0 0 0 0 0 0 0 0 0 0 0 0 0 0 0 0 0 0 0 0 0 0 0 0 0 0 
1 0.4382716 0.3573574 0.4974619 13.63463 0 0.4929577 0 0.1566265 0.3806683 0.6238806 0.1445783 1 6.97485 2 1.135135 7.948435 0 0.4480519 0.08433735 1.583675 0.2907279 0.3391003 0.2334152 0.06972477 2.976067 0.7759831 0.327551 2 0.737489 0.5474453 10.6249 12.18182 0.853111 0.4692082 1.120253 0.1987952 0.3278313 1.315015 0.2228916 2.704819 1.581395 1.162791 0.1311325 0.1410169 0.8904992 0.3192771 68 8.764267 0.6782768 0 1.25 0 0 0.3809524 2.930973 0.5079365 0.1635071 0 0.3734062 0.8148148 1.009259 0.165692 0.2335025 0 0 0.09320905 0 0.3361345 
0 0 0 0 0 0 0 0 0 0 0 0 0 0 0 0 0 0 0 0 0 0 0 0 0 0 0 0 0 0 0 0 0 0 0 0 0 0 0 0 0 0 0 0 0 0 0 0 0 0 0 0 0 0 0 0 0 0 0 0 0 0 0 0 0 0 0 0 0 
0.3643783 0.2422179 0 1.2 16.98795 0.01845018 0 0.2152381 0.6323529 1.052885 0.8448687 0.4326923 0.1576763 8.894206 2 0.8090812 5.912779 0 0.3802281 0.03642987 3 0.2788982 0.3305322 0.1132578 0 1.711004 0.7555297 0.2870662 0.5684755 0.8185279 3 12.13245 13.52815 1.107947 1 0.28 0.3461538 0.3398844 0 0.6201923 6.144231 2.545455 3.196721 0.2346821 0.1294964 0.78511 0.7788462 17 7.808964 0.7366337 0 0.9093904 0.2783019 0 0.4915966 1.254079 0.5081776 0.07793765 0 0 0.7089552 0.6343284 0 0 0 0 0 0 0.3654822 
0 0 0 0 0 0 0 0 0 0 0 0 0 0 0 0 0 0 0 0 0 0 0 0 0 0 0 0 0 0 0 0 0 0 0 0 0 0 0 0 0 0 0 0 0 0 0 0 0 1 0 1 0 0 0 0 0 0 0 0 0 0 0 0 0 0 0 0 0 
0.5499469 0.541387 0.4733728 1 17.70784 0.150289 0.826087 0.4496644 0.5869565 0.9663462 1.470745 0.3317308 0.2960413 7.526483 3 1.061481 5.556314 0 0.3598485 0.02826855 1.422857 0.266 0.4128146 0.09823484 0.1293801 0.7023173 0.6582915 0.4528908 0.3623056 1.293233 1.785425 13.37798 18.02065 1.859137 0.3488372 1.15 0.4471154 0.5714286 0 0.6778846 6 3.25 6 0.2040816 0.1583412 0.5178876 0.6057692 20 8.128867 0.6043716 0 0.7110333 0.3390023 0 0.5268293 2.2 0.7788873 0.1038168 0 0 0.4068966 0.3304721 0.2042007 0.2865672 0 0.1474878 0 0 0.321256 
0 0 0 0 0 0 0 0 0 0 0 0 0 0 0 0 0 0 0 0 0 0 0 0 0 0 0 0 0 0 0 0 0 0 0 0 0 0 0 0 0 0 0 0 0 0 0 0 0 0 0 0 0 0 0 0 0 0 0 0 0 0 0 0 0 0 0 0 0 
0.9134615 0.3115016 0.2715405 1.605096 10.51404 0.1546667 0.3710359 0 0.648986 0.5581395 1.254613 0.2740385 1 7.982058 1 0.8111298 4.196965 0 0 0.04069767 2.388189 0 0.9729188 0.1174628 0.4030534 0.7201426 1.30916 0.738729 0 1.35786 0.9528796 9.107695 13.59307 1.637891 0.3203661 1.029491 0.3906977 0.5266525 0 0.3627907 4.967442 4.029703 2 0.2321429 0.1122112 0.666106 0.5769231 57 5.332817 0.3969466 0 0.3719298 0.4403974 0 0.7213115 0.6730769 0.322314 0.1023707 0 0 0.6938776 0.3521445 0.2574371 0.2421308 0 0.07331976 0.03783784 0 0.204611 
0 0 0 0 0 0 0 0 0 0 0 0 0 0 0 0 0 0 0 0 0 0 0 0 0 0 0 0 0 0 0 0 0 0 0 0 0 0 0 0 0 0 0 0 0 0 0 0 0 1 0 0 0 0 0 0 0 0 0 0 0 0 0 0 0 0 0 0 0 
3 0.2090592 0.3628319 0.6153846 6.248848 0.1666667 0.3323442 0.9230769 0.4461778 0.4744186 1.376455 0.2163462 1 7.116872 0.9358015 0.7413958 2.833534 1 0 0.03508772 3 0.43769 1 0.09372453 0.36 0.3975265 1.229111 0 0.5610184 1.157566 1.012158 8.361417 10.02977 1.080151 0.1393939 2 0.3069767 0.5300113 0 0.5162791 4.590698 2.373333 0.5066667 0.2318841 0.1142035 0.5617892 0.4471154 47 5.134167 0.08626974 0 0.08103448 0.4109116 0 0.6315789 0.7624811 0.3704348 0.1762821 0.1393939 0 0.7614679 0.3317308 0.2087782 0.1800554 0 0.01749781 0.006973501 0 0 
0 0 0 0 0 0 0 0 0 0 0 0 0 0 0 0 0 0 0 0 0 0 0 0 0 0 0 0 0 0 0 0 1 0 0 0 0 0 0 0 0 0 0 0 0 0 0 0 0 0 0 0 0 0 0 0 0 0 0 0 0 0 0 0 0 0 0 0 0 
1.008902 0.2282828 0 0.44 9.459322 0.1488372 0.3949224 0 0.9381443 0 4 0.3489933 0.4397906 5.551601 1.475948 0.5419414 2.445082 0 0 0.01449275 7 0.344426 1.064453 0.1390686 0 0.294837 1.255061 0.9871004 0.6461538 0.8478016 1.759563 7.399541 11.35705 1.360202 0.2787879 0.7282851 0 0.7371134 0 0 0 3.63388 0.56 0.3489933 0 0.6719101 0.4144295 5 5.174211 0 0 0 0.5179283 0 1.758621 1.013514 0.2951542 0.124847 0.2793867 0 0.9174312 0.4375 0.2691388 0.3313953 0 0 0 0 0 
0 0 0 0 1 0 0 0 0 0 0 0 0 0 0 0 0 0 0 0 0 0 0 0 0 0 0 0 0 0 0 0 0 0 0 0 0 0 0 0 0 0 0 0 0 0 0 0 0 0 0 0 0 0 0 0 0 0 0 0 0 0 0 0 0 0 0 0 0 
1.282869 0.3105981 0.2760943 0.52 10.1097 0.3443223 0.2850532 0 1.152318 0 1.596452 0.4064516 0.3393352 3.582074 2 0.3455095 2.597234 0.3953069 0 0.01449275 1 0.5945241 1.110258 0.1289398 0.4160363 1 1.141509 0.9402985 0 1.219686 1 6.204623 8.915404 1.99294 0.3574766 0.8668555 0 0.8616462 0 0 0 3.413793 0.6533333 0.2322581 0.06882989 0.816641 0.3677419 24 5.242417 0 0 0 0 0 2.59322 0.8695652 0 0.08296296 0.3108808 2.030708 0.5472973 0.4460094 0 0.2566845 0 0 0 0 0.894052 
0 0 0 0 2 0 0 0 0 0 0 0 0 0 0 0 0 0 0 0 0 0 0 0 0 0 0 0 0 0 0 0 0 1 0 0 0 0 0 0 0 0 0 0 0 0 0 0 0 0 0 0 0 0 0 0 0 0 0 0 0 0 0 0 0 0 0 0 0 
0.9296987 0.1762208 0 0.6533333 5.71003 0.184 0.4115684 1.034549 1.902655 1.027523 6 0.6829268 0.2857143 3.044329 2 0.3160595 1.63756 0 0 0 2.413203 0.3977273 1.104009 0.1030928 0.2238011 0 1.059675 0.9654321 0 1.041667 1.790698 4.2662 5.7395 1.418256 0.1073298 0.4169381 0.4770642 0.8602151 0 0.9541284 9.981651 4.166113 0.5466667 0.4146341 0.0397351 0.6538462 0.3902439 13 4.316129 0 0 0 0.2857143 0 2.378378 0.6137856 0.1591187 0.1072961 0.3185841 1.63949 0.8343558 0.7393768 0.3302752 0.4076087 0.375 0 0 0 1.04 
0 0 0 0 1 0 0 0 0 0 0 0 0 0 0 0 0 0 0 0 0 0 0 0 0 0 0 0 0 0 0 0 0 0 0 0 0 0 0 0 0 0 0 0 0 0 0 0 0 0 0 0 0 0 0 0 0 0 0 0 0 0 0 0 0 0 0 0 0 
0.540412 0.2833078 0 0 5.538575 0.1818182 0.2994205 0.8659794 1.489051 0.5777778 1.216511 0.4401914 0.352459 3.197864 1 0.1592948 1.816361 0.08230257 0 0 3 0.3530864 0.3555268 0.07614213 0.06768559 0.2605863 0.4822695 1 0 0.3959108 1.373494 4.657086 6.633944 1 0 0 0.7777778 0.5714286 0 0.4666667 3.955556 3.361446 0 0.2296651 0.02109705 0.3874172 0.3444976 17 3.905882 0 0 0 0.214539 0 1.649485 0.6286472 0.158046 0.09016393 0.4044944 1.764286 1 0.2916667 0.1846966 0.5607477 0.3 0 0 12 0.9670732 
0 0 0 0 0 0 0 0 0 0 0 0 0 0 0 0 0 0 0 0 0 0 0 0 0 0 0 0 0 0 0 0 0 1 0 0 0 0 0 0 0 0 0 0 0 0 0 0 0 0 0 0 0 0 0 0 0 0 0 0 0 0 0 0 0 0 0 0 0 
0.6762749 0.2385862 0 0.6889814 3.818963 0 0.3717504 0 0.5052632 0.3588517 0.6501901 0 0.1801126 1.487322 0.8940092 0.1223608 1.098817 0.1460587 0 0 2 0.194274 0.4465938 0.04065828 0.0975 1 0 0.5095541 0.2668464 0.5030303 1.270073 3.381528 3.489332 0.5870445 0 0 4 0.3624161 0 0.4019139 2.15311 3.722628 0.516736 0.1506276 0.03010753 0.3264095 0 10 2.809476 0 0 1.375963 0.08997429 0 0.9896907 0.5342466 0.1703704 0.1296758 0.6086957 1.559271 2.5 0.6404494 0.1861042 1 0.5294118 0 0 0 1.434515 
0 0 0 0 1 0 0 0 0 0 0 0 0 0 0 0 0 0 0 0 0 0 0 0 0 0 0 0 0 0 0 0 0 0 0 0 0 0 0 0 0 0 0 0 0 0 0 0 0 0 0 0 0 0 0 0 0 0 0 0 0 0 0 0 0 0 0 0 0 
0.3831933 0.4906937 0.06586826 0.3666502 4.179331 0.2757009 0.1267218 0 0 0.4593301 0.2934783 0 0 1.473552 0.3203661 0.08612874 0.7774538 0 0 0 0.6573146 0.1674419 0.3457383 0.05306799 0.09594096 0.1385542 0.332389 0 0.1014925 0.3494424 0 3.151822 2.714409 0.6649616 0.1440329 0.5531915 2 0 0 0.215311 1.851675 0 0.4935675 0.1395349 0.02762431 0.1627907 0 11 2.529971 0 0 1.404362 0.05504587 0 0.4339623 0 0.1642512 0.06122449 0.1549296 2.622611 0.8666667 0.5393258 0.1193798 0.2807018 0.5294118 0 0 0 2.129195 
0 0 0 0 1 0 0 0 0 0 0 0 0 0 0 0 0 0 0 0 0 0 0 0 0 0 0 0 1 0 0 0 0 0 0 0 0 0 0 0 0 0 0 0 0 0 0 0 0 0 0 0 0 0 0 0 0 0 0 0 0 0 0 0 0 0 0 0 0 
0.2610723 0.3745583 0 0 3.503867 0.1229314 0.09628009 0 0 0.5013055 0.36 0 0.07832898 1.430464 0 0 0.4329767 0 0 0 0.6858289 0.06805293 0.1697171 0.01594533 0 0.1578947 0.3003708 1 0.1459854 0.1648936 0 3.741262 3.217517 0.3739837 0.1121495 0.643617 2.600522 0 0 0.1723238 2.318538 0 0 0.1339286 0 0.2790698 0 5 2.670312 0 0 0.7590361 0 0 0.3658537 0.2730924 0.1146497 0.03703704 0.220339 1.532075 1.833333 0.7179487 0.08333333 0.3555556 4 0 0 6 1.461847 
0 0 0 0 1 0 0 0 0 0 0 0 0 0 0 0 0 0 0 0 0 0 0 0 0 0 0 0 0 0 0 0 0 0 0 0 0 0 0 0 0 0 0 0 0 0 0 0 0 0 0 0 0 0 0 0 0 0 0 0 0 0 0 0 0 0 0 0 0 
0.1414141 0.4904943 0.1148036 0 3.418858 0.1072386 0.1835443 0 0 0.06332454 0.4559585 0 0 1.382979 2 0 0.5813149 1.605865 0 0 0 0.04733728 0.1791045 0 0 0 0.3521127 0.556962 0 0 0 5.026596 4.720255 1.148148 1 0.826087 0.8235294 0 0 0.09287926 0.6377709 0 0 0 0 0.5090909 0 6 2.63942 0 0 1.403118 0.04040404 0 0 0.256 0 0 0 2.672727 0 1.300699 0.1777778 0.5945946 0 0 0 8 0.9665924 
0 0 0 0 0 0 0 0 0 0 0 0 0 0 0 0 0 2 1 0 0 0 0 0 0 0 0 0 0 0 0 0 0 0 0 0 0 0 0 0 0 0 0 0 0 0 0 0 0 0 0 0 0 0 0 0 0 0 0 0 0 0 0 0 0 0 0 0 0 
0.2325581 0.3915789 0.06646526 0.7068966 3.312217 0.06639839 0.2658487 0 0 0 0.6806283 0 1 1.233722 0.2969838 0 0.5087853 1.082121 0 0 1.73913 0.04807692 0.266129 0 0 0 0.5207101 4 0.6 0 0 4.08499 3.569492 0.9932886 0.1140684 0.2953586 0 0 0 0 0 0.7444444 0.3666667 0 0 0.5112782 0 10 2.379747 0 0 1.727273 0.0744186 0.952381 0 0.2528736 0 0 0 4.071429 0 1.168142 0.1723077 0 2 0 0.3543124 0 1.37296 
0 0 0 0 1 0 0 0 0 0 0 0 0 0 0 0 0 0 0 0 0 0 0 0 0 0 0 0 0 0 0 0 0 0 0 0 0 0 0 0 0 0 0 0 0 0 0 1 0 0 0 0 0 0 0 0 0 0 0 0 0 0 0 0 0 0 0 0 0 
0.2827869 0.2810707 0.08064516 0.4310345 3.062069 0.1607898 0.2301255 0 0 0 0.9166667 0 0.1785714 1.43658 2 0 0.3975588 1.337112 0 0 1.245383 0.07377049 0.443662 0 0 0 0.4643799 1 0.159601 0 0.2777778 4.281009 3.416667 1.015317 0.06685237 0.367688 0 0 0 0 0 1.366667 0.3555556 0 0 0.2295082 0 9 2.220753 0.9534884 0 1.061224 0 0.7777778 0 0.3543307 1.444444 0 0 3.632653 0 0.9745763 0 0.7777778 1 0.05785124 0.09302326 0 2.734694 
0 0 0 0 0 0 0 0 0 0 0 0 0 0 0 0 0 0 0 0 0 0 0 0 0 0 0 0 0 0 0 0 0 0 0 0 0 0 0 0 0 0 0 0 0 0 0 0 0 0 0 0 0 0 0 0 0 0 0 0 0 0 0 0 0 0 0 0 0 
0.3179916 0.2767296 0.2916667 0.4655172 3.661314 0.0979021 0.173913 0 0 0 0.5405405 0 0.6538462 1.818737 0.12 0 0.4098361 1.786765 0 0 1.104911 0.1841004 0.5034965 0 0.36 0 0.4017857 0 0.22 0.34 0.2631579 3.637475 4.105702 1.311475 0.1040724 0.4479638 0 0 0 0 0 0.7631579 0.2888889 0 0.08 0.2834646 0 5.391705 3.012295 0.5 0 0.798574 1 0 0 0.6730769 2.590909 0 0 2.146168 0 0.5454545 0.1346633 0.8181818 0.8181818 0.09876543 0.04761905 6 1.023173 
0 0 0 0 0 0 0 0 0 0 0 0 0 0 0 0 0 0 0 0 0 0 0 0 0 0 0 0 0 0 0 0 0 0 0 0 0 0 0 0 0 0 0 0 0 0 0 1 0 0 0 0 0 0 0 0 0 0 0 0 0 0 0 0 0 0 0 0 0 
0.1174377 0.1491713 0.3636364 0.4927536 3.63543 0.09958506 0.2864769 0 0 0 0.6410256 0 0.7511592 1.581436 0.5476673 0.3780488 0.733119 1.891808 0 0 0.3448276 0.07865169 0.1910828 0 0.1672862 0 0.2298851 0 0 0 0.344 4.894644 4.309405 1 1 0.4524887 0 0 0 0 0 0.712 0.1683168 0 0 0.2666667 0 6 2.24374 0.3809524 0 0.9071274 1 1 0.3191489 0 0 0 0.5442765 2.721382 0 0.1355932 0 0.3829787 1.263158 0.06134969 0 9 1.300216 
0 0 0 0 0 0 0 0 0 0 0 0 0 0 0 0 0 0 0 0 0 0 0 0 0 0 0 0 0 0 0 0 0 0 0 0 0 0 0 0 0 0 0 0 0 0 0 0 0 0 0 0 0 0 0 0 0 0 0 0 0 0 0 0 0 0 0 0 0 
0.05847953 1.261468 0.1914894 0.4637681 4.049597 0.7178969 0.2464789 0 0 0 0 0 0.6327684 1.516564 1 0.7709497 0.3084291 1.933489 0.03354633 0 0.3382353 0.04878049 0.1653333 0 0.05750799 0 0 0 0 0 0.2795699 5.907753 5.817727 0.9591474 0.3541315 0.6554622 0 0 0 0 0 1.44086 0.4347826 0 0 0.06741573 0 13 2.297446 0.9404762 0 1.146067 0 0 0.6436782 0.8915663 0 1 0.6741573 1.964824 1.096774 0.2341137 0.06698565 0.9655172 4 0.1325301 0 0 0.9213483 
0 0 0 0 0 0 0 0 0 0 0 0 0 0 0 0 0 0 0 0 0 0 0 0 0 0 0 0 0 0 0 0 0 0 0 0 0 0 0 0 0 0 0 0 0 0 0 0 0 0 0 0 0 0 0 0 0 0 0 0 0 0 0 0 0 0 0 0 0 
0.1327434 1.186492 0.162 0 8.298446 0.8961303 0.2929293 0 0 0 0.3778802 0 0.5188285 1.241182 1 1.072626 0.7982063 2.660639 0.03827751 0 0.5343709 0.0890411 0.122093 0 0 0 0.1245136 1 0 0 0 7.988004 6.993266 0.6507592 0.7894737 0.7751938 0 0 0 0 0 0 0 0 0 0.1235955 0 23 2.852974 0.5531915 0 1.265795 0 1 0.2647059 1.511111 0 0.3061224 1.037037 2.442636 1.428571 0.2079208 0.06413302 0.8602941 0.7368421 0.1333333 0.02978723 0 0.8845316 
0 0 0 0 0 0 0 0 0 0 0 0 0 0 0 0 0 0 0 0 0 0 0 0 0 0 0 0 0 0 0 0 1 0 0 0 0 0 0 0 0 0 0 0 0 0 0 0 0 0 0 0 0 0 0 0 0 0 0 0 0 0 0 0 0 0 0 0 0 
0.06280992 2.599119 0.1712538 0 12.24213 1.766234 0.3646724 0 0 0 0.6511628 0 0.4525994 1.982637 0 1.586592 1.073113 3.416441 0.01725626 0 0.4696673 0.04684685 0.1402266 0.2119205 0 0.1884058 0.1017613 0.2739726 0 0 0 10.0055 11.13274 0.7767695 0.8709677 1.117647 0 0 0 0 0 0 0 0 0 0.1304348 0 21 3.51247 0 0 1.608108 0.01441441 0 0.375 1.283019 0 0.3061224 0.9022869 1.61919 4 0.108871 0.03044719 1.3125 1 0 0 0 0.975052 
0 0 0 0 0 0 0 0 0 0 0 0 0 0 0 0 0 0 0 0 0 0 0 0 0 0 0 0 0 0 0 0 0 0 0 0 0 0 0 0 0 0 0 0 0 0 0 1 0 0 0 0 0 0 0 0 0 0 0 0 0 0 0 0 0 0 0 0 0 
0.05031447 2.710843 0.2446483 0 11.64343 2.569343 0.5898305 0 0 0 0.3362069 0 0.587156 2.19607 0.5625 1.553073 0.8630836 3.152476 0.07364975 0 1 0.02659574 0.08430233 0.2281879 0 0.3880597 0.1081844 0 0.4545455 0.1132075 0 10.39827 9.638811 0.928115 0.9677419 1.205882 0 0 0 0 0 0 0 0 0 0.1341463 0 26 3.338583 0 0 2.205072 0 1 1.241935 1.331126 0.2083333 0.4591837 1.428886 2.365911 1.836735 0.1962264 0 1.129032 1 0 0 4 1.331863 
0 0 0 0 0 0 0 0 0 0 0 0 0 0 0 0 0 0 0 0 0 0 0 0 0 0 0 0 0 0 0 0 0 0 0 0 0 0 0 0 0 0 0 0 0 0 0 0 0 0 0 0 0 0 0 0 0 0 0 0 0 0 0 0 0 0 0 0 0 
0.03993344 2.232558 0.2936709 2.02514 9.82668 2.437956 0.281768 0 0 0 0 0 0.6177215 2.185833 0.2707182 1 0.4791503 2.490689 0.01892744 0 0 0.01473297 0.111588 0.4372093 0 0.3609023 0.1869991 0.5451128 0.5714286 0.06206897 1.675978 9.231644 9.641998 0.6067292 1.209677 1.235294 0 0 0 0 0 0 1.908752 0 0 0 0 22 4.2319 0 0 2.327553 0 0 0.2916667 1.65032 0.3793103 0.5 1.402697 2.588652 3.428571 0.2437137 0.06792453 0.9479167 1 0 0 2 2.111753 
0 0 0 0 0 0 0 0 0 0 0 0 0 0 0 0 0 0 0 0 0 0 0 0 0 0 0 0 0 0 0 0 0 0 0 0 0 0 0 0 0 0 0 0 0 0 0 0 0 0 0 0 0 0 0 0 0 0 0 0 0 0 0 0 0 0 0 0 0 
0.04301075 0.2985075 0 1.481371 6.58954 0.3754789 0.6482412 0 0 0 0.5866667 0 0 1.851305 0.3919598 0.7016129 0.647603 1.648286 0.08474576 0 0.450495 0 0.1668985 0.2604651 0 0 0.1861402 2 1 0.02285714 0.9180328 5.499492 4.762216 0.3279883 0.9180328 2.691505 0 0 0 0 0 0 1.543964 0 0.04827586 0.25 0 7 3.005487 0 0 1.135283 0 0 0.09876543 0.2142857 0.09090909 0.1764706 1.408592 1.976234 0.3823529 0.04893964 0.02040816 0.2222222 0.5384615 0 0 1 1.28245 
0 0 0 0 0 0 0 0 0 0 0 0 0 0 0 0 0 0 0 0 0 0 0 0 0 0 0 0 0 0 0 0 0 0 0 0 0 0 0 0 0 0 0 0 0 0 0 0 0 0 0 0 0 0 0 0 0 0 0 0 0 0 0 0 0 0 0 0 0 
0.1023739 0 0 0 6.65902 0 0.5255474 0.03603604 0 0 0.2933333 0 0 1.278575 0 0.8406467 0.4791878 0 0.1066667 0 0 0 0.1109661 0.4895397 0.2432432 0 0.1520706 0.4122479 0.3225806 0.07258065 0 4.185654 4.014228 0.4490847 0.7142857 1.928571 0 0 0.4831461 0 0 0 0 0 0 0.15 0 10 2.65017 0 0 2.147059 0 0 0 0.1684588 0.06818182 0 2.029412 3.029412 0 0.06751055 0 0 0 0 0 8 2.617647 
0 0 0 0 0 0 0 0 0 0 0 0 0 0 0 0 0 0 0 0 0 0 0 0 0 0 0 0 0 0 0 0 0 0 0 0 0 0 0 0 0 0 0 0 0 0 0 0 0 0 0 0 0 0 0 0 0 0 0 0 0 0 0 0 0 0 0 0 0 
0.185567 0 0 0 5.697962 0 0.4087591 0.1066667 0 0 0.64 0 0 0.9656067 2 1.053118 0.1335878 0 0.1333333 0.02985075 2 0.02159827 0.2074074 0.6024096 0.4533333 0.6024096 0.2933142 0 0.6538462 0.1538462 0 4.679399 4.858314 0.3349851 0.6415428 1.751238 0 0 0.5505618 0 0 0 0 0 0.2272727 0.2666667 0 11 2.252847 0 0 2.074554 0 0 0 0.2200957 0.1730769 0 2.495948 2.690438 0 0.02669903 0.0159109 0 0 0 0 7 2.949757 
0 0 0 0 0 0 0 0 0 0 0 0 0 0 0 0 0 0 0 0 0 0 0 0 0 0 0 0 0 0 0 0 0 0 0 0 0 0 0 0 0 0 0 0 0 0 0 0 0 0 0 0 0 0 0 0 0 0 0 0 0 0 0 0 0 0 0 0 0 
0.1350649 0 0 0 4.07601 0 0.5076336 1 0 0 0.3733333 0 0 0.6969697 0.6278027 0 0.2596538 0 0.09333333 0.0733945 0.3537234 0.04155844 0.1924686 0.955414 0.3516484 0.6524823 0.2187241 0.6065574 0 0 0 3.708785 3.579605 0.1709184 0.8285821 1.4985 0 0 0.5393258 0 0 0 0 0 0 0.16 0 8 2.289282 0 0 2.680147 0 0 0 0 0 0 2.878676 4.268382 0 0 0.007285974 0 0 0 0 4 2.680147 
0 0 0 0 0 0 0 0 0 0 0 0 0 0 0 0 0 0 0 0 0 0 0 0 0 0 0 0 0 0 0 0 3 0 0 0 0 0 0 0 0 0 0 0 0 0 0 0 0 0 0 0 0 0 0 0 0 0 0 0 0 0 0 0 0 0 0 0 0 
0.1122112 0 0 0 5.228273 0 0.3049793 0.07843137 0 0 0.2941176 0 0 0.7419355 0.4331683 0.4615385 0.1563663 0.344697 0.08 0.09333333 0.2689805 0.0330033 0.2307692 0.8131868 0.3516484 0.36 0.1830403 0.5134529 0 0 0 4.234189 3.08864 0.125 0.5925926 1.407407 0 0 0.41 0 0 0 0 0 0 0.2105263 0 5 2.475293 0 0 2.577114 0 0 0 0 0 0 3.970149 6.268657 0 0 0 0 0 0 0 0 3.970149 
0 0 0 0 0 0 0 0 0 0 0 0 0 0 0 0 0 0 0 0 0 0 0 0 0 0 0 0 0 0 0 0 0 0 0 0 0 0 0 0 0 0 0 0 0 0 0 0 0 0 0 0 0 0 0 0 0 0 0 0 0 0 0 0 0 0 0 0 0 
0 0 0 0 3.494197 1.09755 0.3411765 0.1078431 0 0 0 0 0 1.127458 0.3602305 0.6677578 0.166813 0.344697 0.2266667 0.05333333 0 0 0.07589286 0.7582418 0 0.56 0.1335357 0 0.02074074 0 0 3.348725 3.898081 0 0.4703786 1.09755 0 0 0.2209302 0 0 0 0 0 0 0 0 5 2.213104 0 0 7.363636 0 0 0 0 0 0 9.204545 12.06818 0 0 0 0 0 0 0 9 10.43182 
0 0 0 0 0 0 0 0 0 0 0 0 0 0 0 0 0 0 0 0 0 0 0 0 0 0 0 0 0 0 0 0 0 0 0 0 0 0 0 0 0 0 0 0 0 0 0 0 0 0 0 0 0 0 0 0 0 0 0 0 0 0 0 0 0 0 0 0 0 
0 0.4015973 0 0.7780947 3.364318 1.305191 0.2347418 0 0.1748879 0.09266409 0 0.3396226 0 1.036145 0.3943662 0.6754967 0.3605116 1 0 0 0 0 0 0 0 0 0 0 0 0 0.878494 3.453815 5.651275 0 0.7780947 1.681689 0.4959677 0 0 0.07258065 1.864865 0.9034749 1.50599 0.06949807 0 0.1158301 0.4245283 13 4.718815 0 0 11.00719 0 0 0 0 0 0 0 23.63309 0 0 0 0.5263158 0.8571429 0 0 9 21.04317 
0 0 0 0 0 0 0 0 0 0 0 0 0 0 0 0 0 0 0 0 0 0 0 0 0 0 0 0 0 0 0 0 0 0 0 0 0 0 0 0 0 0 0 0 0 0 0 0 0 0 0 0 0 0 0 0 0 0 0 0 0 0 0 0 0 0 0 0 0 
0 0.5339343 0 0.3555556 2.641043 1.348887 0.1383285 0 1 0.2200772 0.07142857 0.254717 0 0.745614 0.4271523 0.5217391 0.384 0.9213483 0 0 0 0 0 0 0 0 0 0 0 0 0.6444444 2.758772 3.575172 0 0.5339343 1.152174 0 0.1076233 0 0.06048387 1.274131 1.777778 1.288889 1 0 0.1042471 0.2830189 7 3.177931 1.30137 0.739726 6.26506 0 0 0 0 0 0.2884615 0 19.42169 1.326923 0.525 0 0.5970149 1.066667 0.5176471 0.06849315 15 16.28916 
0 0 0 0 0 0 0 0 0 0 0 0 0 0 0 0 0 0 0 0 0 0 0 0 0 0 0 0 0 0 0 0 0 0 0 0 0 0 0 0 0 0 0 0 0 0 0 0 0 0 0 0 0 0 0 0 0 0 0 0 0 0 0 0 0 0 0 0 0 
0.1527778 0.4782609 0 1.061538 2.83054 0.8695652 0.3376623 0 1 0.1853282 0.3157895 0.4245283 0 1.030223 0.3125 0.4180929 0.291498 0.9325843 0 0 1.083333 0.09722222 0.08187135 0 0 0 0.5533981 1.467033 0.09708738 0.06796117 1.892308 3.017083 4.109394 0 0.4174397 1.391466 0.5080645 0.06726457 0 0.08467742 2.455598 5.4 2.169231 0.09266409 0 0.2200772 0.240566 11 3.403092 1.39726 1.327731 5.221239 0 0 0 0 0 0.3214286 0 19.57965 0.88 0.3478261 0 0.4502924 1 0.4235294 0.1506849 13 20.62389 
0 0 0 0 0 0 0 0 0 0 0 0 0 0 0 0 0 0 0 0 0 0 0 0 0 0 0 0 0 0 0 0 0 0 0 0 0 0 0 0 0 0 0 0 0 0 0 0 0 0 0 0 0 0 0 0 0 0 0 0 0 0 0 0 0 0 0 0 0 
0 0.3913043 0 1.052632 2.515491 0.3043478 0.4122137 0 0.05660377 0.1693548 0.5263158 0.1839623 0 0.7686223 0.114094 0.09395973 1 1.726139 0 0 0 1 0.1757322 0 0 0 0.350365 1.52 0.07664234 0 2.368421 3.109426 3.320331 0.1733615 0.3678657 1.047002 0.5322581 3 0 0 2.141129 4.157895 1.473684 0.07258065 0 0.07258065 0.3396226 12 2.443262 1.082192 1.361345 5.603524 0 0 0 0 0 0.3641618 0 12.84141 3 0.1809045 0.09929078 0.3012552 1 0.1882353 0.109589 7 17.04405 
0 0 0 0 0 0 0 0 0 0 0 0 0 0 0 0 0 0 0 0 0 0 0 0 0 0 0 0 0 0 0 0 0 0 0 0 0 0 0 0 0 0 0 0 0 0 0 0 0 0 0 0 0 0 0 0 0 0 0 0 0 0 0 0 0 0 0 0 0 
1 0.4347826 0 0.9473684 3.884393 0.8043478 0.4885496 0 0.0990566 0.3396226 0.4736842 0.4103774 0 1.283237 0.1409396 0.1912752 0.4243056 2.711066 0 0 1.216981 0 0.1757322 0 0 0 0.350365 1.552 0.1751825 0.05474453 2 4.543353 5.603592 0.2980973 0.3319672 1.272541 0.5943396 0.08490566 0 0.05660377 2.900943 4.263158 2.052632 3 0.08759124 0.3254717 0.5660377 9.03107 0 1.438356 2.201681 7.090909 0 0 0 0 0 0.3666667 0 8.583732 0 0.7378641 0.06511628 0.8130081 0.8571429 0.3882353 0.1232877 14 17.16746 
0 0 0 0 0 0 0 0 0 0 0 0 0 0 0 0 0 0 0 0 0 0 0 0 0 0 0 0 0 0 0 0 0 0 0 0 0 0 0 0 0 0 0 0 0 0 0 0 0 0 0 0 0 0 0 0 0 0 0 0 0 0 0 0 0 0 0 0 0 
0.1363636 0.2826087 0 0.48 2.857837 0.4347826 0.5868726 0 0 0 2 0 0 0.6415553 0 0 0.3061224 1.697074 0.1111111 0 1 0.0974026 0.1753247 0 0.3492063 0 0.4920635 1.5 0.1111111 0.1428571 2.4 2.274605 4.595792 0.4117647 0.2994836 0.873494 0 0 0 0 0 4.08 2.24 0 1 0 0 11 2.048726 16.22917 1.717391 2.96875 2 0.06703911 0 0.7374302 0.1173184 0 8.114583 7.71875 0.3674699 0.1686747 0.0625 0.2346369 1.076923 3.166667 2 3 13.65625 
0 0 0 0 0 0 0 0 0 0 0 0 0 0 0 0 0 0 0 0 0 0 0 0 0 0 0 0 0 0 0 0 0 0 0 0 0 0 0 0 0 0 0 0 0 0 0 0 0 0 0 0 0 0 0 0 0 0 0 0 0 0 0 0 0 0 0 0 0 
1 1 0 3 0.3205479 1 0.1111111 0 0 0 0 0 0 0.1780822 0 0 1 0.2176871 0 0 0.1470588 0 1 0 1 0.1029412 0.1029412 0.2058824 0 0.05882353 3 0.4273973 0.8166667 0.08290155 0 0.1088435 0 0 0 0 0 0.6 0.2666667 0 0 0 0 1.599089 0.3208333 1.684211 2.315789 0 0 0 0 0.06666667 0 0 2 2 0 0 0 0 2 1 0 0 1.894737 
0 0 0 0 0 0 0 0 0 0 0 0 0 0 0 0 0 0 0 0 0 0 0 0 0 0 0 0 0 0 0 0 0 0 0 0 0 0 0 0 0 0 0 0 0 0 0 0 0 0 0 0 0 0 0 0 0 0 0 0 0 0 0 0 0 0 0 0 0 
0 0.7692308 0.5882353 0.4647887 0 2 0 3 0 0.3125 2 2 3 0.3055556 2 0.2112676 1.164557 0.5492958 0 0 0 0 0 1.09375 3 0 0 0.7857143 0 0 2 0.3611111 0.7605634 1.028571 2 0.7183099 0.46875 0.3125 1.65625 0.3125 3.1875 0.125 0.1690141 0.15625 1 0.75 0.1875 0.9622642 1 0 0.1923077 0 0 0 0 1.925926 3 0 31 0 1 3 2 0 0 3 0 0 0 
0 0 0 0 0 0 0 0 0 0 0 0 0 0 0 0 0 0 0 0 0 0 0 0 0 0 0 0 0 0 0 0 0 0 0 0 0 0 0 0 0 0 0 0 0 0 0 0 0 0 0 0 0 0 0 0 0 0 0 0 0 0 0 0 0 0 0 0 0 
0 0.4615385 0 1 2 0 0.2077922 2.21875 1 0.21875 0 1 2 1 1 0.2077922 0.7058824 0.7272727 0 0 0 0 0 0.15625 0.125 0 0 0.8571429 0 0 3 0.3055556 0.6753247 0.7317073 3 1.142857 0.25 0.3125 2.5625 2 3.78125 2 0.3116883 0 3 1.34375 3 1.288136 0.2597403 0 0.1785714 0 1 0 1 3.037037 0 0 35 0 5 1 0 0 1 0.4137931 0 0 0 
0 0 0 0 0 0 0 0 0 0 0 0 0 0 0 0 0 0 0 0 0 0 0 0 0 0 0 0 0 0 0 0 0 0 0 0 0 0 0 0 0 0 0 0 0 0 0 0 0 0 0 0 0 0 0 0 0 0 0 0 0 0 0 0 0 0 0 0 0 
0 0.3461538 0 0 0 3 0 1.423611 0 0.1736111 2 1 2 1 1 3 0.2941176 0.5432099 0 0 0 0 0 0.1736111 2 0 0 0.5 0 0 2 0.4166667 0.345679 0.7333333 2 0.7407407 0.3125 0.4513889 2.118056 0.1736111 2.569444 0.1736111 2 0.2430556 1 1.215278 1 0.6101695 1 0 0.1428571 0 2 0 1 1.333333 1 1 44 0 2 1 1 2 0 0.2758621 0 0 0 
0 0 0 0 0 0 0 0 0 0 0 0 0 0 0 0 0 0 0 0 0 0 0 0 0 0 0 0 0 0 0 0 0 0 0 0 0 0 0 0 0 0 0 0 0 0 0 0 0 0 0 0 0 0 0 0 0 0 0 0 0 0 0 0 0 0 0 0 0 
0 0.326087 0 0 1 1 0 0.5333333 0 2 2 1 0 1 0 0 2 0 0 0 0 0 0 0.1666667 0 0 0 0 0 0 2 0.2380952 0.4736842 0.6315789 1 0.4565217 0.2666667 0.2666667 1.5 1 1.633333 1 1 0 1 0.5901639 2 0.6176471 1 0 0 0 1 0 0 5 0 2 9 0 1 2 0 1 0 1 0 0 0 
0 0 0 0 0 0 0 0 0 0 0 0 0 0 0 0 0 0 0 0 0 0 0 0 0 0 0 0 0 0 0 0 0 0 0 0 0 0 0 0 0 0 0 0 0 0 0 0 0 0 0 0 0 0 0 0 0 0 0 0 0 0 0 0 0 0 0 0 0 
0 1.184211 0 0 0 3 0 1 0 3 0 1 0 0 0 0 0.8 0 0 0 0 0 0 0.2739726 1 0 0 0 0 0 0 0 1.323529 0 0.7105263 0.5921053 0.5217391 0.9275362 1.681159 0.3478261 2.434783 1 3 3 3 0.6760563 0.4057971 1.265625 0.6617647 0 0 0 0 0 2 4 0 1 4 0 6 2 4 3 0 0 0 0 0 
0 0 0 0 0 0 0 0 0 0 0 0 0 0 0 0 0 0 0 0 0 0 0 0 0 0 0 0 0 0 0 0 0 0 0 0 0 0 0 0 0 0 0 0 0 0 0 0 0 0 0 0 0 0 0 0 0 0 0 0 0 0 0 0 0 0 0 0 0 
0 0 0 0.5647059 0 0 0 2 2 0.2783505 1 0.2156863 0.1707317 0 0 0 0.08474576 0 0 0 0 0 0 2 0.2990654 0 0 0 0 0 1 0 2.909091 1.491525 0.3764706 0.6588235 0.5931373 0.3235294 2.642157 0.4852941 3.019608 1 1 2 0.2990654 1.394495 0.2156863 1.205479 0.5194805 0 0 0 0 0 0 0 0 0 0 0 0 0 0 0 0 0 0 1 0 
0 0 0 0 0 0 0 0 0 0 0 0 0 0 0 0 0 0 0 0 0 0 0 0 0 0 0 0 0 0 0 0 0 0 0 0 0 0 0 0 0 0 0 0 0 0 0 0 0 0 0 0 0 0 0 0 0 0 0 0 0 0 0 0 0 0 0 0 0 
1 0 0 0 1 1 0 0.9795918 0 0.1043478 0.4122137 3 0 1 0 0 0.0621118 0 0 0 4.5 1 1 0.3333333 0.3956044 0 0 0 0.05128205 0 2 0.1746032 7 1.45283 0 0 0.244898 0.5242718 3.320388 0.3918367 3.036735 0.4408163 0.2325581 3 0.4153846 1.167939 0.244898 0.6545455 0.3380282 0 0 0 1 0 0 0 1 0 0 0 0 0 0 0 0 0 0 1 1 
0 0 0 0 0 0 0 0 0 0 0 0 0 0 0 0 0 0 0 0 0 0 0 0 0 0 0 0 0 0 0 0 0 0 0 0 0 0 0 0 0 0 0 0 0 0 0 0 0 0 0 0 0 0 0 0 0 0 0 0 0 0 0 0 0 0 0 0 0 
1.333333 0 0 0.1232227 0.1085973 1 0 4 0 0.1051913 1 0 0 0.1052632 0 0 0.1363636 0 0 0 0.8888889 1.833333 0 0.3443878 0.4347826 0 0 0 1 2 2 1.058824 2.014085 1.484848 0 0 0 0.5051975 3.980243 0 0 0.4456994 0.1540284 0.2345786 3 1.805226 0 1.17 0.3573883 0 0 0 0 0 0 0 1 0 0 0 0 0 0 0 0 0 0 1 0 
0 0 0 0 0 0 0 0 0 0 0 0 0 0 0 0 0 0 0 0 0 0 0 0 0 0 0 0 0 0 0 0 0 0 0 0 0 0 0 0 0 0 0 0 0 0 0 0 0 0 0 0 0 0 0 0 0 0 0 0 0 0 0 0 0 0 0 0 0 
1 0 0 0.1530612 0.2153846 0 0 10 1 0.1574344 2 1 0 0.3348837 0 0 0.440678 0 0 0 0.6760563 0.46875 0 0.6918919 0.6344828 0 0 0 0.07692308 1 2 1.095436 1.807229 0.952381 0 0 0 0.4460606 4.378601 0 0 0.2610114 0.1785714 0.2610114 0.4432548 3.841542 0 2.216495 0.8333333 1 0 0 1 1 1 0 0.05128205 0 0 0 0 0 0 1 0 0 0 0 0 
0 0 0 0 0 0 0 0 0 0 0 0 0 0 0 0 0 0 0 0 0 0 0 0 0 0 0 0 0 0 0 0 0 0 0 0 0 0 0 0 0 0 0 0 0 0 0 0 0 0 0 0 0 0 0 0 0 0 0 0 0 0 0 0 0 0 0 0 0 
0.2631579 0 0 1 0.3422983 0 0.09150327 3 0 0.2723561 0.3487332 1 0 0.7651715 0.09677419 0.1111111 0.3243243 0.2098361 0 0 0.3061224 0.2077922 0 0.774665 1.190141 0 0 0 1 0.1038961 0 1.885764 1.741071 0.09803922 0 0 0.06642066 0.5060326 6.801037 0.05647059 1.897365 0 0 0.4123711 0.5838608 7.412052 0.08470588 5 1.574949 0 0 0.8382353 1 0 0.9375 0 1 0.06766917 0.4333333 0 0 0 1 1 0 0.1621622 1 0 0 
0 0 0 0 0 0 0 0 0 0 0 0 0 0 0 0 0 0 0 0 0 0 0 0 0 0 0 0 0 0 0 0 0 0 0 0 0 0 0 0 0 0 0 0 0 0 0 0 0 0 0 0 0 0 0 0 0 0 0 0 0 0 0 0 0 0 0 0 0 
0.03767123 0.08413002 0.05035971 0.05078125 0.7680217 0 0.2526316 5 1 0.2064516 3 0.04146101 0.3042596 1.596621 0.1712474 0.2797203 1.209047 0 0 1 0.1266667 0 0 0.2933985 0.4372671 0 0.0361727 0.05504587 0.124031 0.01902174 0 2.666869 4.591359 0 0 0 0.1510112 0.5405658 6.470895 0.112537 1.941176 0 0 0.4225722 0.4698492 3.278459 0.029615 6 3.32295 0 0 0.6352941 1 0 0.2232143 0.4108108 1 2 0.3125 0 0 0.0147541 0.01216545 1 0 0.1906158 0 1 0 
0 0 0 0 0 0 0 0 0 0 0 0 0 0 0 0 0 0 0 0 0 0 0 0 0 0 0 0 0 0 0 0 0 0 0 0 0 0 0 0 0 0 0 0 0 0 0 0 0 0 0 0 0 0 0 0 0 0 0 0 0 0 0 0 0 0 0 0 0 
0.09605123 0.2641509 0.1387283 0.06759443 2.426102 0.05139186 0.404908 17 0.04417855 0.468358 0.6002587 0.08292201 0.2828947 3.289744 0.3291771 1.046893 2.081092 1 0.195122 1 0.4020849 0.09926855 0 0.411154 1.206831 0.106599 0.06782946 0.1193878 0.1163311 0 0 5.880399 6.083494 0 0.2272727 0.2291667 0.1186517 1.467183 8.247344 0.207305 9 0 0 0.8686039 1.03216 1.822785 0.153998 13 3.209237 0 1 0.4184615 0.04010695 0 3 0.3429101 0.1237113 0.0787037 3 0.08934169 0 0 0.03931848 0.04098361 0 0 0 0 0 
0 0 0 0 0 0 0 0 0 0 0 0 0 0 0 0 0 0 0 0 0 0 0 0 0 1 0 0 0 0 0 0 0 0 0 0 0 0 0 0 0 0 0 0 0 0 0 0 0 0 0 0 0 0 0 0 0 0 0 0 0 0 0 0 0 0 0 0 0 
0 1.074169 0.3950617 0.09756098 6.849785 0.3333333 0.9434416 9 0.1862616 0.5607917 1.694377 0.1972243 2 11.9565 1.057471 3.428172 6.786948 8 0 0.003018868 1.80756 0.5359223 0.3279152 0.924013 2.292852 0 0.6200909 0.7609148 0.2280453 0.5 0.2259887 16.18868 12.95434 0 0.7017544 0.8549223 0.1511747 1.73795 13.04716 0.184076 3 0 0 0.9187935 2.667774 1 0.2673484 64 8.954211 0 0 0.6137787 0 0 0.6088561 0.8678414 0.413643 1 0.3172805 0.6034682 0.1425743 0 0.2201835 0 0 0.1690141 0 0 0.4524104 
0 0 0 0 0 0 0 0 0 0 0 0 0 0 0 0 0 0 0 0 0 0 0 0 0 1 0 0 0 0 0 0 0 0 0 0 0 0 0 0 0 0 0 0 0 0 0 0 0 0 0 0 0 0 0 0 0 0 0 0 0 0 1 0 0 0 0 0 0 
3 1.029277 3 0.3051771 13.02716 0.446875 1.232889 19 0.1447437 0.4709712 1.710324 0.1518692 0 9.55058 1.819527 3.060436 7.954361 8 0 4 2.040704 0 0.4268564 1.118762 4.098361 0 0.9683504 1.006993 0.4510043 0.5751326 0.536965 18.01029 16.0199 0.6436534 0.5694635 0 0.3075275 1.195341 13.38032 0.3644595 2.996838 0.3894081 0.5862069 0.7064476 1.958233 4.599509 0.2535371 56 10.45805 0 0 0.5702128 0.3462619 0 0.8146965 0.971078 0.487487 0.08693492 0.4168378 0.6339814 0.2080078 0.7324841 0.4699373 0.1885965 0 0.1150592 0.01083032 0 0.7424381 
0 0 0 0 0 0 0 0 0 0 0 0 0 0 0 0 0 0 0 0 0 0 0 1 0 0 0 0 0 1 0 0 0 0 0 0 0 0 0 0 0 0 0 0 0 0 0 0 0 0 0 0 0 0 0 0 0 0 0 0 0 0 0 0 0 0 0 0 0 
1 1.124897 1 0.1871102 15.27594 0.4075472 0.5474088 7 0.04383282 0.1776961 1.269905 0.06157291 1 13.12407 1.87234 2.972538 8.088099 4 0.2457265 1 5 0.5204082 0.6452168 0.5934288 2.218579 0.4597865 0.866259 1 0.459588 0.6828194 0 17.78584 23.15485 0.7487002 0.3800206 2 0.1236191 1.233822 10.52906 0.1235406 1.241143 0.2837466 0.4785479 0.6667563 1.85446 3.242075 0.08960087 79 13.75218 1 0 0.3460208 0.3322785 0 0 1.038594 0.3792259 0.04766634 0.3198594 0.8500319 0 0.6964856 0.4163486 0 0 0 0.008356546 0 0.6245564 
0 0 0 0 0 0 0 0 0 0 0 0 0 0 0 0 0 0 0 0 0 0 0 0 0 0 0 0 0 0 0 0 0 0 0 0 0 0 0 0 0 0 0 0 0 0 0 0 0 0 0 0 0 0 0 0 0 0 0 0 0 0 0 0 0 0 0 0 0 
1.138267 1.240582 0.3208255 1 21.3099 0.545675 0.6576728 14 0.007878979 0.08839779 1.531762 0.01807229 0.383061 15.23526 1.846154 3.262548 10.46271 7 0.5622896 0.04304636 2.572762 0.5196681 0.9214362 1.056027 2.29378 1.253081 1.064151 3 0.3895285 1.182364 1 18.20994 29.02211 0.8130699 0.5408163 0.6067416 0.07912688 0 13.51269 1 1 0.4070513 0.4761905 0.757038 1.461002 3.350451 0.05729877 105 16.16172 0 0 0 0.4655712 0 0 0.9141475 0.4918699 0 0.1597096 0.8841259 0 0.708402 0.3613963 0 0 0.009202454 0 0 0.5185923 
0 0 0 0 0 0 0 0 0 0 0 0 0 0 0 0 0 0 0 0 0 0 0 0 0 1 0 0 1 0 0 0 0 0 0 0 0 0 0 0 0 0 0 0 0 0 0 0 0 0 0 0 0 0 0 0 0 0 0 0 0 0 0 0 0 0 0 0 0 
0.8631153 1.239936 0.2563338 0.1322957 23.51829 0.300578 0.4845953 4 0.006424671 0.08356354 1.518793 0.01523742 0.2018927 12.76141 1.457069 2.101256 10.36977 5 0 2 4 0.463125 1.111034 0.5537313 1.629797 1 1.050258 0.8262826 1 0.6745887 0.3451777 15.43889 29.87143 0.6318987 0.3261538 0.5602837 0.05047749 0.6537069 7.206598 0.03410641 0.4629227 0.5 0.4126984 0.4728201 0.6810811 2.302923 0.07503411 91 15.53381 0.1460761 0 0.204182 0.430433 0 0 1.242991 0.3837872 0 0.0831758 0.9962575 0 0 0.2814786 0 0 0.01451028 0 0 0.4877565 
0 0 0 0 0 0 0 0 0 0 0 0 0 0 0 0 0 0 0 0 0 0 0 0 0 1 0 0 1 0 0 0 0 0 0 0 0 0 0 0 0 0 0 0 0 0 0 0 0 0 0 0 0 0 0 0 0 0 0 0 0 0 0 0 0 0 0 0 0 
1 0.7480781 0.1480804 0.08380952 14.375 0 0.3756098 3 0.008700102 0.07064364 0.9935897 0.01716501 0.2305389 8.619816 1.106756 1.70969 6.544436 2 0 0.02808425 2.367278 0.5760214 0.9097421 0.5240527 1.635056 3 1.422389 1.190276 2 0.6948882 0.1432099 10.97197 19.47637 0.2247674 0.1009009 0 0.05010438 0.6221548 5.953911 0.0480167 0.5804264 0.4084507 0.3755869 0.320374 0.6295475 1.62928 0.05323591 39 11.95657 0 0 0 0.3931478 0 0 1.197324 0.4444444 0.03046127 0 0.5427911 0 0.6598101 0 0 0 0.01384708 0 0 0.306163 
0 0 0 0 0 0 0 0 0 0 0 0 0 0 0 0 0 0 0 0 0 0 0 1 0 0 1 0 0 0 0 0 0 0 0 0 0 0 0 0 0 0 0 0 0 0 0 0 0 0 0 0 0 0 0 0 0 0 0 0 0 0 0 0 0 0 0 0 0 
1 0.5008818 0.1021021 0.142132 8.321421 0 0.1355634 4 0 0 0.8507463 0 1 4.043114 1 0.8324324 4.883978 3 0.6233766 0.05903614 3.02338 0.555026 0.9688581 0.3423423 1.045872 2.083247 1.186798 0.9826531 0 0.737489 0.1824818 6.134263 7.220227 0.243746 0.05865103 0 0 0.387437 4.273798 0 0 0 0 0.1549748 0.4054237 1.335749 0 40 5.216195 0 0 0 0 0 0 1.628319 0.5079365 0.02725118 0 0.3734062 0 0 0.2982456 0 0 0 0 0 0.1680672 
0 0 0 0 0 0 0 0 0 0 0 0 0 0 0 0 0 0 0 0 0 0 0 0 0 0 0 0 0 0 0 0 0 0 0 0 0 0 0 0 0 0 0 0 0 0 0 0 0 0 0 0 0 0 0 0 0 0 0 0 0 0 0 0 0 0 0 0 0 
0.7287566 0.5651751 1 0.4 7.650602 0.07380074 0 2.582857 0 0 1.056086 0 0.2365145 3.629074 0 0.4436897 2.63286 0.7772397 0.6891635 0.04371585 8 0.6197737 0.9365079 0.4303797 1.253709 2.053204 1.511059 0.7176656 0.3789836 1.309645 0 4.902001 5.908847 0.3165563 0 0 0 0.582659 10.2108 0 0 0 0 0.4023121 0.2302158 0.78511 0 12 3.444258 0 0 0 0.5566038 0 0 1.567599 0.7114486 0.01558753 0 0.4593716 0 0 0 0 0 0 0 0 0.1827411 
0 0 0 0 0 0 0 0 0 0 0 0 0 0 0 0 0 0 0 0 0 0 0 0 0 0 0 0 0 0 0 0 0 0 0 0 0 0 0 0 0 0 0 0 0 0 0 0 0 0 0 0 0 0 0 0 0 0 0 0 0 0 0 0 0 0 0 0 0 
0.7699256 0.9474273 0.1893491 2 7.435759 0.2003854 0.1304348 1.236577 0 0 1.365691 0 0.222031 2.672669 0 0.7218071 2.146758 2 0.4924242 0.04240283 2.235918 0.418 0.7505721 0.3929394 0.8409704 1.053476 1.206868 0.8554604 0.1317475 0.9699248 0.3967611 4.8447 7.076601 0.7436548 0.1162791 0 0 0.6984127 8.9 0 0 0 0 0.2494331 0.2375118 0.4207836 0 11 3.222254 0 0 0 0.4954649 0 0 1.32 0.5192582 0.0259542 0 0.3792668 0 0 0.3471412 0 0 0.02106969 0 0 0.1835749 
0 0 0 0 1 0 0 0 0 0 0 0 0 0 0 0 0 0 0 0 0 0 0 0 0 0 0 0 0 0 0 0 0 0 0 0 0 0 0 0 0 0 0 0 0 0 0 0 0 1 0 0 0 0 0 0 0 0 0 0 0 0 0 0 0 0 0 0 0 
0.8173077 0.8306709 0.1357702 0.4585987 4.106075 0.1546667 0.03805497 3 0 0 1.107011 0 0 2.494393 1 0.4991568 1.498916 4 0 0.06104651 1.845419 1 0.778335 0.3523884 1.51145 1.080214 1.122137 0.6463878 1 0.7759197 0.1361257 2.849335 4.761905 0.4466976 0.1601831 0 0 0.5671642 12.633 0 0 0 0 0.25 0.2805281 0.5550883 0 10 1.911765 0 0 0 0.3476821 0 0 1.009615 0.4297521 0.04094828 0 0.4312431 0 0 0.2002288 0 0 0.03665988 0 0 0.204611 
0 0 0 0 0 0 0 0 0 0 0 0 0 0 0 0 0 1 0 0 0 0 0 0 0 0 0 0 1 0 0 0 0 0 0 0 0 0 0 0 0 0 0 0 0 0 0 0 0 0 0 0 0 1 0 1 0 0 0 0 0 0 0 0 0 0 0 0 0 
0 0.4181185 0.120944 0.6153846 2.154775 0.1111111 0.04154303 1.846154 0 0 1.67141 0 0 1.916081 0.05198897 0.5391969 0.8395657 2 0 0.1403509 3 0.2844985 1 0.4123879 1.53 1.987633 1.092543 0 0.1870061 0.6614665 0.224924 2.214646 3.114836 0.5400753 0.04646465 0 0 0.6523216 13.02479 0 0 0 0 0.2853958 0.2773512 0.5026535 0 9 1.606396 0 0 0 0.265884 0 0 0.7624811 0.3704348 0.03525641 0 0.2142857 0 0 0.1304864 0.03601108 0.4186047 0.01749781 0 0 0 
0 0 0 0 0 0 0 0 0 0 0 0 0 0 0 0 0 0 0 0 0 0 0 0 0 0 0 1 0 0 0 0 0 0 0 0 0 0 0 0 0 0 0 0 0 0 0 0 0 0 0 0 0 0 0 0 0 0 0 0 0 0 0 0 0 0 0 0 0 
0.7566766 0.4565657 1 0 3.269889 0.0496124 0.02632816 7 0 0 0 0.4832215 0.2198953 1.567511 0.08682049 0.4403273 0.747541 3 0.8356164 0.1449275 0 0.2246256 0.7983398 0.8900388 0 3.243207 1.44332 0.6786315 0.3230769 0.8478016 0 1.99052 3.392366 0.5100756 0.09292929 0 0 1.020619 12.5567 0 0 0 0 0.4832215 3 0.5550562 0.5738255 10 1.529484 0 0.1073446 0 0.2848606 0 0 1.013514 0.4427313 0.04161567 0 0.1301461 0 0 0.1495215 0.05523256 0.3255814 0.02017067 0 0 0.05636208 
0 0 0 0 4 0 0 0 0 0 0 0 0 0 0 0 0 3 0 0 0 0 0 0 0 0 0 0 0 0 0 0 0 0 0 0 0 0 0 0 0 0 0 0 0 0 0 0 0 0 0 0 0 1 0 1 1 0 0 0 0 0 0 0 0 0 0 0 0 
0.8552457 0.4658972 0.1380471 0 4.131791 0 0.01295696 4 0 0.5918367 1.507761 0.6096774 0.2036011 1.243365 0 0.3455095 0.9796583 0.632491 0.6164384 0.1449275 4 0.3468057 0.8074602 0.6876791 1.664145 4 1.349057 0.7313433 0 0.8131241 0 2.034303 3.178535 0.6643132 0.1191589 0 0.4489796 1.220665 11.31227 0.4489796 5.714286 0 0 0.3483871 0.2753196 0.6941448 0.5516129 6 1.850265 0 0 0 0 0 0 1.086957 0 0.04148148 0 0 0 0.2230047 0 0.06417112 1 0.04452055 0 0 0 
0 0 0 0 10 0 0 0 0 0 0 0 0 0 0 0 0 2 0 0 0 0 0 0 0 0 0 0 0 0 0 0 0 0 0 0 0 0 0 0 0 0 0 0 0 0 0 0 0 0 0 0 0 0 0 0 1 0 0 0 0 0 1 0 0 0 0 0 0 
0.6714491 0.7048832 0.214876 0 3.040406 0.092 0 1.786948 0 0.5137615 0 1.02439 0.2857143 1.430468 0 0.1975372 0.9072967 1 1.076923 1 1.838631 0.2585227 0.8715863 0.7628866 1.641208 5 1.36244 0.7382716 2 1.25 0 1.828371 2.831487 0.236376 0.2146597 0.4169381 0.2385321 1.634409 8.983264 0.4770642 4.990826 0 0 0.6219512 0.2913907 0.7307692 0.5853659 8 2.10273 0 0 0 0.1587302 0 0 1.022976 0.3977968 0.04291845 0 0.1261146 0 0.2464589 0.2018349 0.08152174 0.375 0 0 0 0 
0 0 0 0 3 0 0 0 0 0 0 0 0 0 0 0 0 3 0 0 0 1 0 0 0 0 0 0 0 0 0 0 0 0 0 0 0 0 0 0 0 0 0 0 0 0 0 0 0 0 0 0 0 0 0 1 0 0 0 0 0 0 1 0 0 0 0 0 0 
0.6877971 0.8499234 0 0 2.21543 0.1818182 0 1.731959 0 1.155556 1.548287 0.953748 0.2349727 1.185725 0 0.06371791 0.7946578 0.1646051 3.176471 3 2 0.4814815 0.6043956 0.8629442 1.218341 2.084691 1.205674 1 1 0.9237918 0 1.605892 2.603193 0 0.160221 1.078947 1.555556 1.333333 7.763636 0.9333333 7.911111 0 0 0.4976077 0.1195499 0.4172185 0.7464115 5 1.476614 0 0 0 0.214539 0 0.4123711 1.047745 0.3951149 0.06762295 0.1011236 0.1357143 0 0.1458333 0.2216359 0.2803738 0.3 0.04363636 0 0 0 
0 0 0 0 3 0 0 0 0 0 0 0 0 0 0 0 0 2 0 0 1 0 1 0 0 0 0 0 0 0 0 0 0 0 0 0 0 0 0 0 0 0 0 0 0 0 0 0 0 0 0 0 0 1 0 0 0 0 0 0 0 0 1 0 0 0 0 0 0 
0.6762749 1.908689 1.010204 0.4052832 1.877118 1 0.03379549 4 0.08421053 0.777512 0.7946768 0.1824324 0.6604128 0.7322202 0.07450077 0.04078695 0.6959176 0.1460587 2.352941 1 2 0.2137014 0.5954584 0.5082285 1.365 2 0 0.4585987 0.222372 1.173737 0 1.556576 1.925149 1.174089 1.285714 2.44 1 0.6644295 3.82716 0.8708134 4.665072 0 0.3039624 0.2887029 0.1956989 0.3590504 0.08108108 7 1.704109 0.8633094 0 0.1448382 0.06298201 0 0.2474227 1.424658 0.4259259 0.1620948 0.4565217 0.08206687 0 0.2134831 0.1488834 0 0 0 0 0 0.1510015 
0 0 0 0 1 0 0 0 0 0 0 0 0 0 0 0 0 3 0 0 0 0 0 0 0 0 0 0 0 0 0 0 0 0 0 0 1 0 0 0 0 0 0 0 0 0 0 0 0 0 0 0 0 0 0 1 0 0 0 0 0 0 0 0 0 0 0 0 0 
0.3831933 2.208122 0.7904192 0.2508659 2.006079 0.1378505 0.06336088 2 0.1369863 0.9952153 0.9782609 0.1756757 0.7072539 0.7367758 0.1281465 0 0.5286686 0 3.8 0 0.739479 0.1953488 0.4609844 0.39801 0.9594096 0.6927711 0.4985836 0 0.1014925 0.5241636 0 1.517544 1.543488 1.662404 0.7201646 0.5531915 10 0.6777108 4.814159 0.4665072 4.011962 0 0.3377041 0.4883721 0.1243094 0.4069767 0.0472973 4 1.785862 1.017143 0 0.1040268 0.04587156 0 0.4339623 1.834483 0.3285024 0.244898 0.4647887 0.09713376 0 0.1797753 0.1023256 0.1403509 0 0.1046512 0 0 0.1577181 
0 0 0 0 3 0 0 0 0 0 0 0 0 0 0 0 0 3 0 0 0 0 0 0 0 0 0 0 0 0 0 0 0 1 0 0 1 0 0 0 0 0 0 0 0 0 0 0 0 0 0 0 0 0 0 0 0 0 0 0 0 0 0 0 0 0 0 0 0 
0.2610723 1.872792 4 1.607143 1.918785 0.1229314 0.1444201 1.835294 0.2567568 1.002611 1.62 0.1216216 1.096606 0.8127634 1 0 0.3322845 0 2.2 2 0.4572193 0.1020794 0.3394343 0.191344 0.7083333 0.6315789 0.3003708 0 0.1459854 0.3297872 1.107143 2.125717 2.095128 1.869919 0.5607477 0.643617 5.201044 0.5915493 4.892308 0.3446475 4.637076 2.464286 1.25 0.4017857 1 1.116279 0.0472973 4 2.1848 1.105263 0 0.1084337 0 0 0.7317073 1.911647 0.1146497 0.1851852 0.8813559 0.109434 1.833333 0.1196581 0.04166667 0.3555556 0 2 0 0 0.2088353 
0 0 0 0 1 0 0 0 0 0 0 0 0 0 0 0 0 0 0 0 0 0 0 0 0 0 0 0 1 0 0 0 0 0 0 0 0 0 0 0 0 0 0 0 0 0 0 1 0 0 0 0 0 0 0 0 0 0 0 0 0 0 0 0 0 0 0 0 0 
0.2121212 2.207224 0.7462236 1.535714 1.751123 0 0.1376582 0.4444444 0.2837838 0.3799472 0.5699482 0.1216216 2 0.7068558 1 0 0.4290657 1.245364 8 3 0 0.09467456 0.358209 0.2419355 0 1 0.2200704 0.2088608 0.3157895 0.4705882 0.4 2.569149 2.963881 3.444444 0 0 4.529412 0.220339 1.909091 0.5108359 3.50774 1.183333 0.5333333 0 0.1538462 0.5090909 0.0472973 4 2.099539 1.821429 0 0.2004454 0.06060606 0 1.461538 1.792 0.28125 0.3153153 1.257143 0 9.333333 0.2167832 0.06666667 0.8918919 1 0.09633028 0 1 0.1380846 
0 0 0 0 0 0 0 0 0 0 0 0 0 0 0 0 0 2 0 0 0 0 0 0 0 0 0 0 0 0 0 0 0 0 0 0 0 0 0 0 0 0 0 0 0 0 0 0 0 0 0 0 0 0 0 0 0 0 0 0 0 0 0 0 0 0 0 0 0 
0.2325581 1.566316 0.4320242 0.7068966 1.656109 0 0.1595092 0.2631579 0.1351351 0.1568627 0.408377 0.1554054 1 0.6168609 0.1484919 0 0.3712758 0.8233533 6 4 0.6521739 0.04807692 0.3991935 0.3061224 0 3.727273 0.1952663 0 0.3 0 1 2.042495 2.19661 1.986577 0.4562738 0 0.5608108 0.245098 1.142857 0.08783784 0.6013514 0.7444444 0.3666667 0 0 0.2556391 0.05405405 4 1.903797 11.11111 0 0.1818182 0.0744186 0.952381 3 1.517241 0 1.25 2.75 0 11 0.1946903 0.04307692 3 2 0.2315789 0.03729604 0 0.1445221 
1 0 0 0 2 0 0 0 0 0 0 0 0 0 0 0 0 1 0 0 0 0 0 0 0 0 0 0 0 1 0 0 0 0 0 0 0 0 0 0 0 0 0 0 0 0 0 1 0 0 0 0 0 0 0 0 0 0 0 0 0 0 0 0 0 0 0 0 0 
0.1885246 0.2810707 0.1075269 0.4310345 1.737931 0 0.1380753 0.1973684 0.5714286 0.2857143 0.55 0.1607143 0.7142857 0.8058865 0 0 0.2615519 0.7913518 4 2 0.4670185 0.04918033 0.443662 0.3673469 0 1.272727 0.1741425 0 0.0798005 0 0.2777778 2.401542 1.916667 0.5076586 0 0 1.035714 0.375 1 0.2857143 1.625 1.366667 0.3555556 0 0 0.1147541 0.07142857 5 1.374752 0 0 0 2 1.166667 2.333333 1.062992 2.166667 4.333333 2.333333 0 7.666667 0.1949153 2 1.166667 1 0 0 0 0 
0 0 0 0 0 0 0 0 0 0 0 0 0 0 0 0 0 1 0 0 0 0 0 0 0 0 0 0 0 0 0 0 0 0 0 0 0 0 0 0 0 0 0 0 0 0 0 0 0 0 0 0 0 0 0 0 0 0 0 0 0 0 0 0 0 0 0 0 0 
0.1589958 0.1383648 0.1458333 0.4655172 1.747445 0 0.08695652 0.0875 0 0.2321429 0.2702703 0.1375 0.6538462 0.8513238 0.04 0 0.2003643 0.8272059 5 1 0.4910714 0.09205021 0.5034965 0.3809524 0.2 0.8571429 0.1785714 0 0.1222222 0.1888889 0.2631579 1.702648 1.88178 0.3278689 0 0 0.625 0.2 0.875 0.1375 1.1375 0.7631579 0.2888889 0 0.04444444 0.09448819 0.125 2.471198 1.413934 0 0 0 1 0 2.666667 0.6730769 2.590909 0 5.666667 0 7.666667 0.1090909 0.02992519 0.8181818 0.8181818 0 0 0 0 
0 0 0 0 0 0 0 0 0 0 0 0 0 0 0 0 0 1 0 0 0 0 0 0 0 0 0 0 0 0 0 0 0 0 0 0 0 0 0 0 0 0 0 0 0 0 0 0 0 0 0 0 0 0 0 0 0 0 0 0 0 0 0 0 0 0 0 0 0 
0.07829181 0 0 0 1.540436 0 0.1227758 0.1 0 0.3035714 0.3846154 0.1875 0.3025502 0.7279626 0.2738337 0 0.3344051 0.7619784 6 2 0.2068966 0.02621723 0.1910828 0.3428571 0.1672862 0.3673469 0.137931 0 0.4285714 1.357143 0 2.175397 1.750696 0.1428571 0 0 0.5625 0.325 0.9285714 0.2 0.975 0 0 0 0.2857143 0.2 0.1125 7 0.9115192 0 0 0 1 1 0.212766 0.3548387 0.7857143 0 0 0 0 0 1 0.2553191 0.8421053 0 1 1 0 
0 0 0 0 1 0 0 0 0 0 0 0 0 0 0 0 0 0 0 0 0 0 0 0 0 0 0 0 0 0 0 0 0 1 0 0 0 0 0 0 0 0 0 0 0 0 0 1 0 0 0 0 0 0 0 0 0 0 0 0 0 0 0 0 0 0 0 0 0 
0.05847953 0 0.106383 0 1.711097 0 0.1971831 0 0 0 0 0 0.3954802 0.7271196 0 0 0.1609195 0.8472594 0.04472843 0 0.3382353 0.02439024 0.248 0.7234043 0.07667732 0.6808511 1 0 1.071429 2.285714 0 2.751556 2.751627 0.9591474 0 0 0 0 0 0 0 0 0 0 0 0.1348315 0 4 1.08663 0 0 0 2 2 0.183908 0.1114458 0.9285714 1 0 0 0 0 0.009569378 0.2758621 0 0 1 0 0 
0 0 0 0 0 0 0 0 0 0 0 0 0 0 0 0 0 1 0 0 0 0 0 0 0 0 0 0 0 0 0 0 0 1 0 0 0 0 0 0 0 0 0 0 0 0 0 0 0 0 0 0 0 0 0 0 0 0 0 0 0 0 0 0 0 0 0 0 0 
0.2654867 0 0.126 0 3.647668 0 0.2929293 0 0 0 0.7557604 0 0.4539749 0.600572 2 0 0.4304933 1.268155 0.06698565 1 0.8015564 0.1484018 0.244186 0.2820513 0 0.7037037 0.1867704 0 1 0.3076923 0 3.779271 3.534231 1.138829 0 0 0 0 0 0 0 0 0 0 2 0.247191 0 8 1.441826 0 0 0 1 1 0.05882353 0.1888889 0.7857143 0 0 0 0 0 0.03562945 0.1911765 0.3684211 0 0 0 0 
0 0 0 0 0 0 0 0 0 0 0 0 0 0 0 0 0 0 0 0 1 0 0 0 0 0 0 0 0 0 0 0 0 1 0 0 0 0 0 0 0 0 0 0 0 0 0 0 0 0 0 0 0 0 0 0 0 0 0 0 0 0 0 0 0 0 0 0 0 
0.3140496 0 0.2140673 0 5.262971 0 0.2735043 0 0 0 0.9767442 0 0.5657492 0.9094667 1 0 0.5825472 1.625565 0.05176877 0 1.291585 0.2108108 0.4674221 0.2119205 0 0.1884058 0.2798434 0.7534247 0.5090909 0.1532847 0 4.497885 5.616519 1.294616 0 0 0 0 0 0 0 0 0 0 1 0.1956522 0 10 1.772057 0 0 0 0.06486486 0 0.046875 0.1603774 0.3 0 0 0 0 0.01814516 0.03805899 0.1640625 1 0 0 0 0 
0 0 0 0 0 0 0 0 0 0 0 0 0 0 0 0 0 1 0 0 0 0 1 0 0 0 0 1 0 0 0 0 0 0 0 0 0 0 0 0 0 0 0 0 0 0 0 0 1 0 0 0 0 0 0 0 0 0 0 0 0 0 0 0 0 0 0 0 0 
0.2767296 0 0.3058104 0 5.072386 0 0.5898305 0 0 0 1.008621 0 0.733945 1.023411 0.5625 0 0.474696 1.522806 0.1963993 0.16 4 0.2659574 0.4215116 0.2281879 0 0.3880597 0.3245532 0 0.4545455 0.1132075 0 4.791361 4.910338 1.325879 0 0 0 0 0 0 0 0 0 0 1 0.402439 0 11 1.700787 0 0 0 0 1 0.1774194 0.1479029 0.2083333 0 0 0 0 0.09811321 2 0.1612903 0.5 0 0 0 0 
0 0 0 0 0 0 0 0 0 0 0 0 0 0 0 0 0 0 0 0 1 0 0 0 0 0 0 2 0 0 0 0 0 0 0 0 0 0 0 0 0 0 0 0 0 0 0 0 0 0 0 0 0 0 0 0 0 0 0 0 0 0 0 0 0 0 0 0 0 
0.2196339 0 0.4405063 1.093575 4.518014 0 0.5635359 0 0 0 0.8421053 0 0.9265823 1.043238 0.5414365 0 0.2863887 1.344972 0.05362776 1 4 0.1620626 0.4091559 0.4372093 0 0.3609023 0.635797 1.635338 0 0 0.9050279 4.456656 5.570932 1.820188 0 0 0 0 0 0 0 0 1.030726 0 0 0.4193548 0 13 2.445098 0 0 0 2 0 0.04166667 0 0 0 0 0 0 0.139265 0.1273585 0.1354167 0.5 0 0 0 0 
0 0 0 0 1 0 0 0 0 0 0 0 0 0 0 0 0 0 0 0 0 0 1 0 0 1 0 0 0 0 0 0 0 0 0 0 0 0 0 0 0 0 0 0 0 0 0 0 0 0 0 0 0 0 0 0 0 0 0 0 0 0 0 0 0 0 0 0 0 
0.1397849 0 0.2940109 0.8288624 2.652932 0 1.296482 0 0.4693878 0.06504065 1.76 0.6122449 0.8820327 0.8562285 0.7839196 0 0.3364172 0.9222553 0.2012712 1 1.094059 0 0.433936 0.2604651 0 1 0.5052377 3 0 0 0.5136612 2.575711 2.410504 0.6559767 0.5136612 1.505961 0.6178862 1.785714 2.071429 0 1.418605 3.673469 0.8638847 0.2244898 0 0.75 0.4285714 2 1.521296 0 0 0 1 1 0 0 0 0 0 0 0 0.06525285 0.05782313 0 0 0 0 0 0 
0 0 0 0 0 0 0 0 0 0 0 0 0 0 0 0 0 0 0 0 0 0 0 0 1 0 0 1 0 0 0 0 0 0 0 0 0 0 0 0 0 0 0 0 0 0 0 0 0 0 0 0 0 0 0 0 0 0 0 0 0 0 1 0 0 0 0 0 0 
0.3412463 0 0.2622951 0.5769231 2.362878 0 0.6131387 0 0.2653061 0.04878049 0.88 0.9795918 0.5901639 0.5311005 1 0.2101617 0.2274112 0.7542857 0 2 1 0 0.2219321 0.3263598 0 1 0.34759 0.9619119 0 0 0.4390244 1.831224 1.911537 0.8083524 0.3933747 1.062112 0.8861789 1.857143 0.4831461 0 2.162791 2.27907 0.8373984 0.1395349 1 0.45 0.3673469 4 1.261986 0 0 0 1 0 0.09756098 0 0 0 0 0 0 0.1350211 1 0.2682927 0.6666667 0 0 0 0 
0 0 0 0 0 0 1 0 0 0 0 0 0 0 0 0 0 0 0 0 0 0 0 0 0 0 0 0 0 0 0 0 0 0 0 0 0 0 0 0 0 0 0 0 0 0 0 0 0 0 0 0 0 0 0 0 0 0 0 0 0 0 0 0 0 0 0 0 0 
0.371134 0 0.2857143 0.8461538 1.139592 0 0.4768856 0 0.5918367 1 1.92 1 0.8351648 0.2816353 5 0.2632794 0.05089059 0.5885714 0 0.05970149 3 0.06479482 0.3111111 0.6024096 0 0.6024096 0.5377426 0 0 0 0.4471545 1.493425 2.033713 1.674926 0.3404105 0.9292286 0.9105691 0.9285714 0.5505618 0 3.011628 2.244186 1.113821 0.2209302 0 0.8 0.4897959 1 0.9430524 0 0 0 0 0 1 0 0 0 0 0 0 0.04004854 0.03579952 0.2439024 1 0 0 0 0 
0 0 0 0 0 0 0 0 0 0 0 0 0 0 0 0 0 0 0 0 0 0 0 0 1 0 0 0 0 0 0 0 1 0 0 0 0 0 0 0 0 0 0 0 1 0 0 0 0 0 0 0 0 0 0 0 0 0 0 0 0 0 0 0 0 0 0 0 0 
0.3376623 0 0.2417582 1.205128 0.8337292 0 0.5076336 1 0.5306122 0.08943089 1.12 0.7959184 0.7692308 0.2121212 0.5381166 1 0.1065246 0.5542857 0 0.0733945 0.589539 0.1038961 0.2405858 0.477707 0 0.3262411 0.3280862 1.010929 0 0 0.6422764 1.209386 1.610822 1.709184 0.4583646 0.8289572 1.056911 0.8571429 0.5393258 0 2.965116 1.860465 1 0.2790698 0 0.48 0.7346939 1 1.030177 0 0 0 0 0 0 0 0 0 0 0 0 0 0.01821494 0.3414634 1 0 0 1 0 
0 0 0 0 0 0 0 0 0 0 0 0 0 0 0 0 0 0 0 0 0 0 0 0 0 0 0 0 0 0 0 0 0 0 0 0 0 0 0 0 0 0 0 0 0 0 0 0 1 0 0 0 0 0 0 0 0 0 0 0 0 0 0 0 0 0 0 0 0 
0.2244224 0 0.3157895 0.8461538 0.6535342 0 0.2614108 0.1568627 1.45 0.84 1.029412 0.6938776 0.7631579 0.1514154 0.3094059 0.07692308 0.04095309 0.344697 0 0 0.537961 0.0660066 0.3076923 0 0 0 0.2440538 1.026906 0 0 0.4390244 0.9505322 0.9337748 1 0.2323893 0.5519245 6.857143 1.2 1.23 1.081081 12.21622 1.825581 0.8373984 0.127907 0 0.5263158 0.5918367 0 0.7483444 0 0 0 1 0 0 0 0 0 0 0 0 0 1 0.2195122 0.4444444 0 0 0 0 
0 0 0 0 0 0 0 0 0 0 0 0 0 0 0 0 0 0 0 0 0 0 0 0 0 0 0 0 0 0 0 0 0 0 0 0 0 0 0 0 0 0 0 0 0 0 0 0 0 0 0 0 0 0 0 0 0 0 0 0 0 0 0 0 0 0 0 0 0 
0.1503759 0 0.2123894 0.7435897 0.5558949 0.3242762 0.06823529 0.2156863 4.727273 0.5744681 2.909091 2.87234 0.7079646 0.1573197 0 0.111293 0.04389816 0.344697 0 0 0.1849315 0.03007519 0.07589286 0 0 0 0.1335357 0.3955479 0.02074074 0 0.3414634 0.5451413 1.128392 1.649485 0.1389755 0.3242762 1.638889 1.818182 0.4418605 0.1666667 10.34043 0.5853659 0.5447154 0.06504065 0 3 1.148936 2 0.6406353 0 0 0 0 0 1 0 0.7777778 0.4444444 0 0 2.222222 0 1 1 2 0 0 1 0 
0 0 0 0 0 0 0 0 0 0 0 0 0 0 0 0 0 0 0 0 0 0 0 0 0 0 0 0 0 0 0 0 0 0 0 0 0 0 0 0 0 0 0 0 0 0 0 0 0 0 0 0 0 0 0 0 0 0 0 0 0 0 0 0 0 0 0 0 0 
0 0.1095265 0.1369863 0.2122076 0.5352324 0.3559612 0 0.5185185 0.1165919 0.09266409 3.090909 0 0.3196347 0.1686747 0 0 0.1055156 0 0 0 0 0 0 0 0 0 0 0 0 0 0.2395893 0.562249 1.654032 1.897375 0.2122076 0.4586423 0.1653226 2 2 0.02419355 1.864865 0.9034749 0.4107245 0.06949807 0 0.1158301 0 1 1.381116 0 0 0 1 0 0 0 0 0 0 0 0 0 0 0 0 0 0 1 0 
0 0 0 0 0 0 0 0 0 0 0 0 0 0 0 0 0 0 0 0 0 0 0 0 0 0 0 0 0 0 0 0 0 0 0 0 0 0 0 0 0 0 0 0 0 0 0 0 0 0 0 0 0 0 0 0 0 0 0 0 0 0 0 0 0 0 0 0 0 
0.2413793 0.1208908 0.07608696 0 0.5078929 0.3054083 0 1 2 0.2200772 0.1428571 0 0.1521739 0.1461988 0 0 0.096 0 0 0 2.482759 2 0.0990099 0 0 0 0.8941176 3.241379 0.07920792 0 0 0.5409357 0.8937931 0.53125 0.1208908 0.2608696 1 0.07174888 0.6315789 0.02016129 1.274131 0 0 1 0 0.1042471 0 2 0.7944828 0 0 0 0 0 0 0 0 0 0 0 0 0 2 0.119403 0.5333333 0 0 1 0 
0 0 0 0 0 0 0 0 0 0 0 0 0 0 0 0 0 0 0 0 0 0 0 0 0 0 0 0 0 0 0 0 0 0 0 0 0 0 0 0 0 0 0 0 0 0 0 0 0 0 0 0 0 0 0 0 0 0 0 0 0 0 0 0 0 0 0 0 0 
0.1527778 0 1 0 0.3972688 0 0 2 2 0.1853282 0.2105263 0 0.7 0.1471748 0 0 0.08097166 0 0 1 1.083333 0.09722222 0.08187135 0.2903226 0 0.4193548 0.8300971 0.978022 0.1456311 0.1019417 0 0.4310118 1.141498 1.458333 0.1043599 0.3478664 0.1693548 0.04484305 0.5263158 0.02822581 2.455598 0 0 0.09266409 1 0.2200772 0 2 0.9453032 0 0 0 0 1 0 0 0 0.2142857 0 0 0.44 0.173913 1 0.1929825 0.3333333 0 0 0 0 
0 0 0 0 0 0 0 0 0 0 0 0 0 0 0 0 0 0 0 0 0 0 0 0 0 0 0 0 0 0 0 0 0 0 0 0 0 0 0 0 0 0 0 0 0 0 0 0 0 0 0 0 0 0 0 0 0 0 0 0 0 0 0 0 0 0 0 0 0 
2 0 2 0 0.3796968 0 0 0 0 0.05645161 0 0 0.3813559 0.1160185 0 0 2 0.4973621 0 1 2 2 0.1757322 0 0 0.6451613 0.4671533 1.14 0.1021898 2 0 0.4693474 1.065012 1.560254 0.1059952 0.3016787 0.1774194 0 0 1 0.7137097 0 0 0.02419355 0 0.02419355 0 3 0.7836879 0 0 0 0 1 0 0 0 0.2427746 0 0 0 0.09045226 0.07092199 0.1129707 1 0 0 1 0 
0 0 0 0 0 0 0 0 0 0 0 0 0 0 0 0 0 1 0 0 0 0 0 0 0 0 0 0 0 0 0 0 0 0 0 0 0 0 0 0 0 0 0 0 0 0 0 0 0 0 0 0 0 0 0 0 0 0 0 0 0 0 0 0 0 0 0 0 0 
2 0 3 0 0.4855491 0 0 0 0 0 0 0 0.6355932 0.1604046 0 0 0.1354167 0.7530738 0 0.06451613 1.216981 1 0.1757322 0.483871 0 0.5645161 0.4671533 1.164 0.2335766 0.0729927 0 0.5679191 1.751123 2.682875 0.09221311 0.3534836 0 0 0 0 0 0 0 0 0.1167883 0 0 2.822209 5 0 0 0 1 2 0 0 0 0.2444444 0 0 2 0.368932 0.04651163 0.304878 0.2142857 0 0 0 0 
0 0 0 0 0 0 0 0 0 0 0 0 0 0 0 0 0 2 0 0 0 0 0 0 0 0 0 0 0 0 0 0 0 0 0 0 0 0 0 0 0 0 0 0 0 0 0 0 0 0 0 0 0 0 0 0 0 0 0 0 0 0 0 0 0 0 0 0 0 
0.04545455 0 0.1647059 0 0.1190765 0 0 0 0 0 0 0 1.152941 0.02673147 0 0 0.1020408 0.4681583 0.07407407 0 1 0.03246753 0.05844156 1.142857 0.2328042 0.7142857 0.3280423 0.375 0.07407407 0.0952381 0 0.09477521 1.470653 2.882353 0.08261618 0.2409639 0 0 0 0 0 0 0 0 1 0 0 1 0.6555925 0 0 0 1 0.04469274 1 0.4916201 0.07821229 0.3125 0 0 0.7349398 0.3373494 0.046875 0.1564246 0 0 1 0 0 
0 0 0 0 1 0 1 0 0 0 0 0 0 0 0 0 0 1 0 0 0 0 0 0 0 0 0 0 0 0 0 0 0 0 0 0 0 0 0 0 0 0 0 0 0 0 0 0 0 0 0 0 0 0 0 0 0 0 0 0 0 0 0 0 0 0 0 0 0 
1 1 0 0 0.02465753 1 0 0 0 0 0 0 0.1621622 0.01369863 0 0 2 0.04081633 0 0 0.1470588 0 1 1 2 0.1029412 0.1029412 0.2058824 0 0.05882353 0 0.03287671 0.175 0.1658031 0 0.02040816 0 0 0 0 0 0 0 0 0 0 0 0.3690205 0.06875 0 0 0 0 0 0 0 1 0 1 1 0 0 0 1 0 1 1 1 0 
0 0 0 0 0 0 0 0 0 0 0 0 0 0 0 0 0 0 0 0 0 0 0 0 0 0 0 0 0 0 0 0 0 0 0 0 0 0 0 0 0 0 0 0 0 0 0 0 0 0 0 0 0 0 0 0 0 0 0 0 0 0 0 0 0 0 0 0 0 
