8 21 5 11 0 3 0 60 0 10 2 2 3 11 2 5 24 13 7 6 76 14 2 34 3 28 30 11 0 5 3 13 18 18 2 17 15 10 50 10 107 4 4 5 1 25 6 17 8 3 5 21 0 0 0 27 3 0 30 12 1 3 3 0 0 3 0 1 8
0 0 0 0 0 0 0 0 0 0 0 0 0 0 0 0 0 0 0 0 0 0 0 0 0 0 0 0 0 0 0 0 0 0 0 0 0 0 0 0 0 0 0 0 0 0 0 0 0 0 0 0 0 0 0 0 0 0 0 0 0 0 0 0 0 0 0 0 0
9 12 0 1 3 0 4 74 1 7 0 1 2 2 1 4 12 14 6 2 74 8 1 5 4 24 18 12 0 2 3 11 13 10 3 23 8 10 79 2 126 2 6 0 3 42 3 19 5 0 5 22 1 0 1 40 0 0 36 10 5 2 0 0 1 6 0 1 6
0 0 0 0 0 0 0 0 0 0 0 0 0 0 0 0 0 0 0 0 0 0 0 0 0 0 0 0 0 0 0 0 0 0 0 0 0 0 0 0 0 0 0 0 0 0 0 0 0 0 0 0 0 0 0 0 0 0 0 0 0 0 0 0 0 0 0 0 0
5 9 0 0 0 3 0 42 0 5 2 1 2 1 1 3 5 11 2 6 43 8 3 5 2 8 13 7 0 0 2 15 7 11 2 15 9 13 58 5 77 5 2 7 1 36 1 9 9 6 4 21 2 0 1 18 1 1 43 6 2 2 1 2 0 4 0 0 0
0 0 0 0 0 0 0 0 0 0 0 0 0 0 0 0 0 0 0 0 0 0 0 0 0 0 0 0 0 0 0 0 0 0 0 0 0 0 0 0 0 0 0 0 0 0 0 0 0 0 0 0 0 0 0 0 0 0 0 0 0 0 0 0 0 0 0 0 0
2 5 0 0 1 1 0 16 0 2 2 1 0 1 2 2 2 3 1 2 16 3 2 5 0 3 8 1 0 0 3 5 6 6 2 7 8 8 46 1 53 1 1 0 1 18 2 7 6 5 2 6 1 0 0 5 0 2 17 1 1 2 0 1 0 3 0 0 2
0 0 0 0 0 0 0 0 0 0 0 0 0 0 0 0 0 0 0 0 0 0 0 0 0 0 0 0 0 0 0 0 0 0 0 0 0 0 0 0 0 0 0 0 0 0 0 0 0 0 0 0 0 0 0 0 0 0 0 0 0 0 0 0 0 0 0 0 0
3 10 0 0 1 3 11 16 0 3 0 1 0 1 0 4 6 4 6 0 22 3 2 5 1 6 12 4 3 5 0 6 10 4 6 5 9 16 28 6 43 1 3 3 3 12 7 9 5 3 1 6 0 0 2 4 0 1 8 5 6 2 4 3 0 0 0 1 3
0 0 0 0 0 0 0 0 0 0 0 0 0 0 0 0 0 0 0 0 0 0 0 0 0 0 0 0 0 0 0 0 0 0 0 0 0 0 0 0 0 0 0 0 0 0 0 0 0 0 0 0 0 0 0 0 0 0 0 0 0 0 0 0 0 0 0 0 0
5 11 0 6 0 0 8 34 2 9 1 4 7 1 2 3 5 6 4 2 17 11 1 2 4 7 10 3 3 1 1 7 27 11 4 7 11 6 48 9 53 1 1 2 4 19 4 11 5 1 0 6 2 2 1 9 0 1 10 10 3 2 0 0 1 2 0 2 7
0 0 0 0 0 0 0 0 0 0 0 0 0 0 0 0 0 0 0 0 0 1 0 0 0 0 0 0 0 0 0 0 0 0 0 0 0 0 0 0 0 0 0 0 0 0 0 0 0 0 0 0 0 0 0 0 0 0 0 0 0 0 0 0 0 0 0 0 0
1 11 1 0 3 1 10 19 0 4 6 3 9 2 8 2 10 12 6 1 26 6 3 6 4 4 6 2 4 0 3 11 53 11 8 12 5 9 54 8 59 9 5 3 6 17 5 9 6 4 0 8 1 0 1 8 1 1 10 9 6 3 0 4 0 1 0 1 8
0 0 0 0 0 0 0 0 0 0 0 0 0 0 0 0 0 0 0 0 0 0 0 0 0 0 0 0 0 0 0 0 0 0 0 0 0 0 0 0 0 0 0 0 0 0 0 0 0 0 0 0 0 0 0 0 0 0 0 0 0 0 0 0 0 0 0 0 0
8 12 1 4 4 3 9 39 1 11 1 3 14 6 7 1 6 26 12 4 39 11 5 10 5 21 20 7 2 2 2 26 32 20 8 20 8 18 105 5 149 19 5 10 3 39 4 18 8 4 0 12 0 0 0 34 2 4 13 22 9 4 1 6 1 10 0 6 13
0 0 0 0 0 1 0 0 0 0 0 0 0 0 0 0 0 0 0 0 0 0 0 0 0 0 0 0 0 0 0 0 0 0 0 0 0 0 0 0 0 0 0 0 0 0 0 0 0 0 0 0 0 0 0 0 0 0 0 0 0 0 0 0 0 0 0 0 0
6 19 9 6 7 4 8 78 1 25 2 2 27 12 6 8 13 41 16 0 49 15 8 23 8 26 36 17 6 1 2 21 46 34 7 18 13 24 128 8 171 15 7 15 9 75 6 44 23 1 2 18 1 3 1 38 4 5 18 32 12 11 4 3 8 11 4 5 23
0 0 0 0 0 0 0 0 0 0 0 0 0 0 0 0 0 0 0 0 0 0 0 0 0 0 0 0 0 0 0 0 0 0 0 0 0 0 0 0 0 0 0 0 0 0 0 0 1 0 0 0 0 0 0 0 0 0 0 0 0 0 0 0 0 0 0 0 0
10 16 2 3 10 10 7 67 0 28 6 3 53 21 9 16 8 67 26 0 29 16 5 25 13 41 40 15 3 8 10 38 57 53 7 8 10 24 203 8 299 31 9 19 9 116 12 56 56 3 2 19 1 2 5 30 2 6 13 23 13 8 1 1 3 12 2 11 28
0 0 0 0 0 0 0 0 0 0 0 0 0 0 0 0 0 0 0 0 0 0 0 0 0 0 0 0 0 0 0 0 0 0 0 0 0 0 0 0 1 0 0 0 0 0 0 0 0 0 0 0 0 0 0 0 0 0 0 0 0 0 0 0 0 0 0 0 0
11 21 7 13 13 10 14 78 3 31 3 7 47 27 9 14 18 82 37 2 37 14 12 15 8 41 32 31 10 7 11 42 95 94 11 16 29 35 271 19 379 29 13 29 11 69 5 87 81 6 4 26 2 6 5 60 3 3 16 40 29 9 5 2 9 13 0 6 21
0 0 0 0 0 0 0 0 0 0 0 0 0 0 0 0 0 0 0 0 0 0 0 0 0 0 0 0 0 0 0 0 0 1 0 0 0 0 0 0 0 0 0 0 0 0 0 0 0 0 0 0 0 0 0 0 0 0 0 0 0 0 0 0 0 0 0 0 0
18 37 12 17 37 12 21 116 8 77 16 14 42 53 16 46 33 161 67 2 87 19 26 21 25 100 36 38 12 18 27 93 123 132 17 23 23 84 308 34 587 64 38 52 28 47 27 187 71 9 1 35 6 23 3 77 31 17 16 54 57 42 15 7 19 23 4 18 31
0 0 0 0 0 0 0 0 0 0 0 0 0 0 0 0 0 0 0 0 0 0 0 0 0 1 0 0 0 0 1 0 0 0 0 0 0 0 0 0 0 0 0 0 0 0 0 0 1 0 0 0 0 2 0 0 0 0 0 0 0 0 0 0 0 0 0 0 0
79 115 31 29 99 24 48 231 46 114 58 44 77 181 49 155 99 180 115 4 268 72 55 54 59 258 145 117 22 79 83 229 242 315 44 58 36 113 493 43 741 83 111 63 74 101 64 471 193 22 4 48 20 164 32 192 119 37 31 84 139 175 49 29 27 35 4 18 64
0 0 0 0 0 0 0 0 0 0 0 0 0 0 0 0 0 0 0 0 0 0 0 0 0 2 1 0 0 0 0 0 0 1 0 0 0 0 0 0 0 0 0 0 0 0 0 0 2 0 0 1 0 1 0 0 5 0 0 0 0 0 3 0 0 0 0 0 0
148 130 34 53 172 32 64 264 44 129 63 39 52 144 79 135 110 213 121 4 343 99 99 66 130 338 238 163 54 127 95 245 255 363 47 53 85 95 600 89 890 130 158 60 62 149 67 450 178 31 17 64 53 120 54 272 182 36 55 78 218 202 95 42 24 35 6 21 93
1 0 0 0 0 0 0 0 0 0 0 0 0 0 0 0 0 0 1 0 0 0 0 1 0 1 0 0 0 1 0 0 1 2 0 0 0 0 0 0 0 0 0 0 0 0 0 0 0 0 0 0 0 1 0 0 2 0 0 0 1 0 0 0 0 0 0 0 0
111 131 43 44 187 37 32 252 42 150 54 58 82 188 91 134 112 116 110 3 352 99 120 56 95 328 176 150 55 150 68 241 315 427 40 53 97 138 624 88 1006 98 140 77 76 130 69 518 211 60 27 95 53 77 70 307 134 49 94 116 157 213 74 33 25 39 6 22 77
0 0 0 0 1 0 0 0 0 0 0 0 0 0 0 0 0 0 0 0 0 0 0 0 0 2 0 0 0 0 0 0 0 0 0 0 0 0 0 0 0 0 0 0 0 0 0 0 0 0 0 0 0 2 0 0 0 0 0 0 0 0 1 0 0 0 0 0 0
172 156 39 35 267 44 41 269 24 123 68 48 96 226 99 164 151 185 172 13 396 86 157 86 95 300 183 163 48 192 87 254 401 433 56 69 121 143 707 105 1070 132 125 90 67 141 87 623 251 108 13 124 73 63 44 319 126 44 85 105 132 220 63 43 21 18 18 27 74
0 0 1 0 0 0 0 0 0 0 0 0 0 0 0 0 0 0 0 0 0 0 0 0 0 1 0 0 2 0 0 0 0 3 0 0 0 0 0 0 1 0 0 0 0 0 0 0 0 1 0 0 0 0 0 4 1 0 0 0 1 0 1 0 0 0 0 0 0
123 160 42 35 285 23 33 181 19 116 80 44 61 180 83 115 124 177 99 3 310 81 184 50 92 276 164 103 96 128 71 215 364 411 50 82 71 106 524 47 736 121 109 69 34 95 115 591 212 97 19 80 61 71 31 366 106 37 45 116 107 145 42 23 19 25 12 28 70
0 0 0 0 0 1 0 0 0 0 0 0 0 0 0 0 0 0 0 0 0 0 1 1 0 1 0 0 3 0 1 0 0 1 0 0 0 0 0 0 0 0 0 0 0 0 0 0 0 1 0 0 0 1 0 6 0 0 0 0 0 0 0 0 0 1 0 0 0
95 110 28 21 205 30 32 117 17 72 47 32 74 124 77 119 86 128 62 4 322 83 132 53 107 261 163 129 92 150 28 181 244 309 29 63 49 79 446 45 589 84 83 43 34 66 54 442 164 77 13 70 48 88 40 363 105 34 32 91 88 134 39 20 15 24 10 18 63
0 0 0 0 0 0 0 0 0 0 0 0 0 0 0 0 0 0 0 0 0 0 1 1 0 0 1 0 0 0 0 0 0 2 0 0 0 0 0 0 0 0 0 0 0 0 0 0 0 1 0 0 0 0 0 2 0 0 0 0 0 0 1 0 0 0 0 0 0
75 68 17 27 171 21 20 87 27 55 54 23 48 83 42 95 81 80 69 7 356 58 107 39 73 291 135 102 65 115 24 136 129 185 19 56 32 62 340 36 454 65 47 27 25 82 50 271 98 71 11 79 38 79 41 363 83 24 23 79 85 114 35 24 10 15 7 16 49
0 0 0 0 1 0 0 0 0 0 0 0 0 0 0 0 0 0 0 0 0 0 0 0 0 0 0 0 3 0 0 0 1 0 0 0 0 0 0 0 0 0 0 0 0 0 0 0 1 0 0 0 0 1 0 1 0 0 0 0 0 0 1 0 0 0 0 0 0
72 86 18 27 270 10 23 118 44 76 62 31 37 120 46 76 63 112 72 4 379 66 123 33 68 278 172 88 58 124 33 193 179 234 25 53 23 41 336 44 431 74 62 30 16 55 51 353 111 90 16 72 62 105 38 264 90 13 36 101 98 82 46 15 12 35 5 14 66
0 0 0 0 3 0 1 0 0 0 0 0 0 0 0 0 0 0 0 0 0 0 1 0 0 0 0 0 1 0 0 0 2 0 0 0 0 0 0 1 0 0 1 0 0 0 0 0 1 2 0 1 0 0 0 2 0 0 0 0 0 0 3 0 0 1 0 0 0
66 116 31 28 350 27 35 70 37 64 82 22 44 121 74 120 77 119 58 4 244 39 85 33 47 192 126 97 35 134 48 263 280 288 31 89 32 53 272 46 411 88 61 21 22 37 41 403 124 82 28 55 45 84 35 324 88 17 24 72 62 80 36 25 7 27 9 24 54
0 0 0 0 7 0 0 0 0 0 0 0 0 0 0 0 0 2 1 0 0 0 0 0 0 0 0 0 0 0 0 2 0 1 0 0 0 0 0 0 0 0 0 0 0 0 0 0 0 1 0 0 0 1 0 2 0 0 0 0 0 0 0 1 0 0 0 0 0
72 135 25 37 344 30 18 67 33 39 57 19 74 187 66 116 85 148 82 7 245 37 94 26 69 197 142 82 60 111 27 278 325 262 36 99 27 39 273 27 351 106 40 17 17 45 39 373 125 94 30 50 34 63 45 285 75 19 27 106 88 81 26 21 15 26 7 26 68
0 0 0 0 3 0 0 0 0 0 0 0 0 0 0 0 0 1 0 0 0 0 1 1 0 0 0 0 1 0 0 1 2 1 0 0 0 0 0 0 0 0 0 0 0 0 0 0 0 2 0 0 0 2 0 5 0 0 0 0 0 0 0 0 0 0 0 0 0
73 87 40 33 221 39 22 60 23 35 73 15 44 173 63 136 61 148 69 8 228 37 70 24 57 220 147 91 74 101 36 282 254 256 24 99 23 35 202 36 334 86 39 16 17 40 30 371 136 68 29 46 34 46 29 247 74 23 22 81 80 66 23 13 18 19 5 14 39
0 0 0 0 4 0 0 0 0 0 0 0 0 0 0 0 0 0 0 0 0 0 0 1 0 0 0 1 1 0 0 0 2 3 0 0 0 0 0 0 0 0 0 0 0 0 0 0 0 0 0 0 0 0 0 2 0 0 0 0 1 0 0 0 0 0 0 0 0
82 108 45 32 394 33 27 54 20 33 92 16 53 151 116 144 54 171 58 6 219 26 114 44 26 222 150 105 80 97 47 288 279 265 47 114 14 32 208 31 289 92 43 16 3 40 19 475 128 92 37 75 40 75 54 205 70 17 40 95 105 88 24 19 14 13 8 13 69
0 0 0 0 18 0 0 0 0 0 0 0 0 0 0 0 0 12 0 0 0 0 0 0 0 0 0 0 1 0 0 0 1 2 0 0 0 0 0 0 0 0 0 0 0 0 0 0 1 0 0 0 0 2 0 7 1 0 0 0 0 0 0 0 0 0 0 0 0
89 153 40 40 579 48 29 55 30 28 83 22 48 150 88 170 81 224 46 6 232 39 95 31 58 162 126 94 44 92 28 336 302 340 48 97 23 42 184 21 285 96 48 12 14 56 19 516 188 133 43 76 25 42 54 205 66 14 41 112 78 92 34 12 10 25 8 31 77
0 0 0 0 28 1 0 0 0 0 0 0 0 0 0 0 0 5 0 0 0 0 0 1 0 1 0 0 0 0 0 0 2 3 0 0 0 0 0 0 0 0 0 0 0 0 0 0 2 2 0 0 0 0 0 1 1 0 0 0 0 0 2 1 0 0 0 0 0
69 161 25 53 463 47 38 53 44 29 69 27 55 168 91 149 71 199 41 12 240 29 105 29 41 169 120 95 77 125 48 324 302 342 40 123 13 39 108 25 277 119 40 17 10 40 16 523 218 111 45 55 19 35 43 182 62 15 26 107 65 84 27 15 15 24 10 26 83
0 0 0 0 16 0 0 0 0 0 0 0 0 0 0 0 0 8 0 0 0 1 0 0 0 0 0 0 0 0 0 0 1 1 0 2 0 0 0 0 0 0 0 0 0 0 0 0 1 4 0 0 0 2 0 3 0 0 0 0 1 0 3 0 0 0 0 0 0
59 190 30 57 371 59 32 49 33 25 68 24 44 143 74 98 71 168 28 3 196 38 52 36 32 115 88 77 47 74 39 293 289 295 28 159 36 35 117 22 183 90 46 12 5 26 18 497 161 119 38 56 21 24 41 153 58 11 28 92 60 29 20 15 12 18 6 27 58
0 0 0 0 7 0 0 0 0 0 0 0 0 0 0 0 0 4 0 0 1 0 1 0 0 1 0 0 0 0 0 0 0 2 0 0 0 0 0 0 0 0 0 0 0 0 0 0 0 2 0 0 0 1 0 1 0 0 0 0 0 0 1 0 0 0 0 0 0
58 167 23 53 251 47 38 32 25 24 37 28 33 77 105 82 49 184 19 5 135 19 62 22 40 80 72 53 32 86 30 217 167 285 26 117 57 28 59 27 145 88 41 9 7 21 12 382 144 125 14 48 7 19 23 112 47 13 22 57 72 39 15 15 9 9 9 7 53
0 0 0 0 7 0 0 0 0 0 0 0 0 1 0 0 0 4 0 0 0 0 0 0 0 0 0 1 0 0 0 0 0 2 0 0 3 0 0 0 0 0 0 0 0 0 0 0 1 0 0 0 0 1 0 1 0 0 0 0 0 0 1 0 0 0 0 0 0
39 150 21 27 225 56 24 31 29 33 35 25 20 62 53 98 31 127 19 0 85 18 49 16 27 47 43 48 17 46 39 178 128 255 34 99 170 26 71 15 134 54 36 14 5 22 7 250 125 86 12 30 5 13 22 79 35 9 11 58 25 31 11 8 9 12 5 10 46
0 0 0 0 6 0 1 0 0 0 0 0 0 0 0 0 0 4 0 0 0 0 0 1 0 0 0 0 1 0 0 0 0 2 0 0 4 0 0 0 0 0 0 0 0 0 0 0 0 0 0 0 0 0 0 0 0 0 0 0 0 0 0 0 0 0 0 0 0
29 111 27 44 146 49 23 27 39 31 35 18 29 51 53 83 16 105 11 2 60 9 35 7 17 38 28 19 21 32 32 158 124 189 25 126 171 18 50 11 153 72 34 10 1 25 7 204 106 66 14 28 7 18 15 65 18 5 13 55 34 14 5 8 4 9 4 18 49
0 0 0 0 4 0 0 0 0 0 0 0 0 0 0 0 0 0 0 0 0 0 0 0 0 0 0 0 1 0 0 0 0 3 2 0 0 0 0 0 0 0 0 0 0 0 0 1 1 2 0 1 1 1 0 0 0 0 0 2 0 0 0 0 0 0 0 0 0
20 124 19 44 125 39 30 16 41 12 21 18 24 55 54 77 21 79 16 3 71 8 37 10 21 45 26 32 23 31 25 184 150 181 25 119 138 13 59 15 98 68 31 8 4 22 7 196 94 48 14 44 6 6 19 61 28 7 11 81 29 32 10 11 1 7 3 24 30
0 0 1 0 0 0 0 0 0 0 0 0 0 0 0 0 0 4 1 0 0 0 0 0 0 0 0 0 0 0 0 0 0 0 0 0 1 0 0 0 0 0 0 0 0 0 0 1 0 0 0 0 0 0 0 0 0 0 0 1 0 0 0 0 0 0 0 0 0
24 90 11 40 127 32 27 21 21 16 27 24 27 44 33 74 18 58 12 4 78 5 34 10 25 42 21 30 26 25 29 154 130 143 29 67 86 26 61 13 86 64 32 10 5 17 8 215 97 47 23 38 8 10 9 43 20 5 11 93 32 21 7 3 4 11 8 13 32
1 0 0 0 5 0 0 0 0 0 0 0 0 0 0 0 0 1 0 0 0 0 0 0 0 0 0 0 0 1 0 0 0 0 0 0 0 0 0 0 0 0 0 0 0 0 0 2 0 0 0 0 0 0 0 0 0 0 0 0 0 0 0 0 0 0 0 0 0
22 48 5 24 113 60 23 15 33 16 34 9 24 53 27 49 12 62 8 2 56 6 43 12 21 14 21 42 8 30 26 144 117 121 12 63 61 20 53 16 88 128 33 14 4 7 4 238 83 40 25 25 2 7 7 44 13 13 7 92 22 22 3 7 7 7 4 6 64
0 0 0 0 2 0 0 0 0 0 0 0 0 0 0 0 0 2 0 0 0 0 0 0 0 0 0 0 0 0 0 0 0 3 0 0 0 0 0 0 0 0 0 0 0 0 0 0 0 1 0 0 0 0 0 1 0 0 0 0 0 0 0 0 0 0 0 0 0
19 63 7 28 109 53 22 7 23 13 24 11 17 60 17 60 10 69 10 1 52 11 35 10 18 14 21 19 11 17 31 109 118 115 24 107 53 16 48 11 94 90 27 6 4 12 10 190 87 43 12 31 2 0 8 73 19 0 17 89 22 18 6 6 6 16 4 12 42
0 0 0 0 1 0 0 0 0 0 0 0 0 0 0 0 0 3 0 0 0 0 0 0 0 1 0 0 0 0 0 0 0 1 0 0 2 0 0 0 0 0 0 0 0 0 0 1 0 2 0 0 0 0 0 0 0 0 0 0 0 0 0 0 0 0 0 0 0
11 57 8 33 99 47 24 8 30 17 29 15 28 44 44 65 16 65 12 2 35 7 21 9 18 6 23 25 6 19 44 127 126 84 21 95 46 25 49 16 75 86 17 7 4 11 9 173 60 31 6 29 3 2 5 34 11 4 18 93 16 16 2 6 8 10 1 12 44
0 0 0 0 2 0 0 0 0 0 0 0 0 0 0 0 0 1 0 0 0 0 0 0 0 0 0 1 0 0 0 0 1 1 0 0 0 0 0 0 1 0 0 0 0 0 0 1 0 0 0 0 0 0 0 1 0 0 0 0 0 0 0 0 0 0 0 0 0
10 105 8 33 89 74 20 10 35 8 23 39 27 36 31 72 7 62 7 0 66 8 30 17 12 16 26 46 15 31 25 138 152 103 22 122 60 33 55 16 93 139 29 6 0 6 2 261 65 76 14 48 2 2 8 38 13 3 31 82 17 14 6 12 4 21 3 5 42
0 0 0 0 0 0 0 0 0 0 0 0 0 0 0 0 0 1 0 0 0 0 0 0 2 0 0 1 0 0 0 0 0 1 1 0 0 0 0 0 0 0 0 0 0 0 0 0 0 3 0 0 0 0 0 1 0 0 0 0 0 0 0 0 0 0 0 0 0
21 112 9 71 181 77 30 12 44 8 40 30 32 29 39 99 18 91 8 1 98 13 20 23 22 19 23 80 14 19 40 184 196 145 38 95 66 63 84 18 148 206 41 12 3 11 7 363 79 135 24 86 1 2 4 71 11 6 65 132 27 14 6 13 7 45 7 4 61
0 0 0 0 3 0 0 0 0 0 0 0 0 0 0 0 0 0 0 0 1 0 0 0 0 0 0 0 0 1 0 0 2 1 0 0 0 0 0 0 0 1 0 0 0 0 0 0 0 0 0 1 0 0 0 1 0 0 0 0 0 0 0 0 0 0 0 0 0
19 231 14 74 263 141 31 11 45 13 53 56 38 45 38 137 25 117 5 0 115 13 34 33 43 13 25 73 29 20 53 222 369 209 35 157 87 72 76 28 220 283 65 18 1 9 2 442 123 175 26 226 4 0 6 71 15 6 129 130 35 9 4 22 13 46 10 27 139
0 0 0 0 2 0 0 0 0 0 0 0 0 0 0 0 0 1 0 0 1 0 1 0 2 0 0 1 0 0 0 0 0 0 0 0 0 0 0 0 0 1 0 0 0 0 0 1 1 0 0 0 0 0 0 0 0 1 0 0 0 0 0 0 0 0 0 0 0
16 230 21 100 263 171 55 9 61 9 40 61 49 54 47 144 21 118 15 4 105 15 28 33 48 25 22 85 34 18 44 231 363 254 41 159 83 65 57 25 244 297 66 14 2 11 11 522 129 216 41 245 0 3 23 70 15 9 157 173 37 13 3 19 13 86 32 35 146
0 0 0 0 0 0 0 0 0 0 0 0 0 0 0 0 0 0 0 0 1 0 0 0 0 0 0 2 0 0 0 0 0 0 1 0 0 0 0 0 0 2 0 0 0 0 0 0 1 0 0 0 0 0 0 0 0 0 0 0 0 0 0 0 0 0 0 0 0
12 197 28 84 227 162 48 4 43 5 25 48 58 51 48 129 14 102 4 1 158 8 25 48 32 25 41 111 37 9 69 229 396 280 47 173 102 42 75 28 183 238 85 17 5 13 25 493 171 222 33 146 3 0 4 83 23 7 88 141 49 18 9 13 13 64 12 23 142
1 0 0 0 2 0 0 0 0 0 0 0 0 0 0 0 0 0 0 0 0 0 1 0 0 1 0 0 2 0 0 0 0 0 1 0 0 0 0 0 0 0 0 0 0 0 0 0 1 2 0 0 0 0 0 0 0 0 0 0 2 0 0 0 0 0 0 0 0
7 135 18 68 157 106 42 6 24 8 23 31 51 48 25 84 21 82 15 1 81 0 25 29 23 26 34 78 23 4 45 142 230 140 43 134 79 26 30 16 117 175 77 11 7 10 20 244 137 103 20 57 2 1 4 54 8 12 64 97 27 10 4 9 7 48 15 8 58
0 0 0 0 2 0 0 0 0 0 0 0 0 0 0 0 0 0 0 0 0 0 0 0 1 0 0 1 0 0 0 0 0 0 0 0 1 1 0 0 1 1 0 0 0 0 0 0 0 0 0 0 0 0 0 1 0 0 0 0 0 0 1 0 0 1 0 0 0
22 107 16 44 201 95 37 4 13 6 11 49 37 36 18 88 16 127 8 2 79 0 17 38 26 33 31 89 29 9 57 129 211 162 39 113 104 25 44 14 191 201 108 12 2 6 18 234 131 122 56 70 1 0 4 48 6 9 66 98 32 25 1 11 6 83 7 16 92
0 0 0 0 1 0 1 0 0 0 0 0 0 0 0 0 0 1 0 0 0 0 0 0 0 0 0 1 0 0 0 0 1 0 1 0 1 0 0 0 0 0 0 0 0 0 0 0 0 0 0 0 0 0 0 0 0 0 0 0 0 0 0 0 0 0 0 0 0
31 78 13 69 200 90 27 8 30 14 23 48 39 30 54 109 5 98 10 4 145 5 29 53 33 53 71 163 33 8 58 164 243 164 36 106 107 13 48 21 254 198 132 19 5 10 25 281 110 112 57 61 0 0 1 47 9 9 74 86 31 11 5 10 9 68 4 12 88
0 0 0 0 0 0 0 0 0 0 0 0 0 0 0 0 0 0 0 0 0 0 2 0 1 0 0 0 0 0 0 0 1 0 0 0 0 0 0 0 0 1 1 0 1 0 0 1 1 0 0 0 0 0 0 0 0 0 0 0 0 0 0 0 0 0 0 0 0
25 54 11 91 151 62 39 3 27 11 14 38 34 25 39 75 10 94 7 8 138 8 24 78 33 47 69 227 16 10 76 129 177 139 48 88 135 12 49 29 250 165 118 25 6 6 35 233 105 103 56 51 0 0 0 27 6 7 55 89 30 19 4 14 9 53 6 6 51
0 0 0 0 1 0 0 0 0 0 0 0 0 0 0 0 0 0 0 0 0 0 1 0 0 0 0 0 1 0 0 0 3 0 0 0 0 0 0 0 0 0 0 0 0 0 0 0 1 0 0 0 0 0 0 0 0 0 1 0 0 0 0 0 0 0 0 0 0
17 44 12 63 193 69 22 8 28 7 10 33 30 24 24 48 5 88 6 7 119 5 27 71 31 26 56 234 19 7 57 133 136 101 31 73 93 10 42 19 221 152 108 11 6 6 30 199 108 85 38 36 1 0 0 30 11 10 60 87 21 19 2 9 4 44 8 7 54
0 0 0 0 0 0 0 0 0 0 0 0 0 0 0 0 0 0 0 1 0 0 0 5 0 0 0 0 1 0 0 0 0 0 0 0 0 0 0 0 0 1 0 0 0 0 0 0 1 0 0 0 0 0 0 0 0 0 0 0 1 0 0 0 0 0 0 0 0
19 26 6 55 135 53 28 11 25 9 16 46 21 37 26 71 5 88 17 4 113 4 17 72 16 43 85 236 14 7 41 108 150 155 25 59 62 10 19 6 157 69 70 8 2 3 18 186 91 72 39 37 0 0 1 28 7 4 46 56 19 12 2 9 2 48 8 17 54
0 0 0 0 0 0 0 0 0 0 0 0 0 0 0 0 0 0 0 0 0 0 0 1 0 0 0 0 0 0 0 0 1 0 0 0 0 0 0 0 1 0 0 0 0 0 0 0 0 0 0 0 0 0 0 0 0 0 0 0 0 0 0 0 0 0 0 0 0
12 16 6 32 97 55 26 7 13 8 17 25 14 29 41 65 11 92 9 3 125 5 9 44 12 49 65 187 16 2 36 95 205 164 32 64 40 11 11 6 156 81 57 6 1 10 31 211 172 106 64 35 1 0 4 38 5 2 55 76 39 10 5 10 6 54 4 16 62
0 0 0 0 0 1 0 0 0 0 0 0 0 0 0 0 0 0 0 0 0 0 0 0 0 0 0 0 0 0 0 0 0 0 0 0 0 0 0 0 0 0 0 0 0 0 0 0 0 0 0 0 0 0 0 0 0 0 0 0 0 0 0 0 0 0 1 0 0
7 19 7 16 71 47 12 2 3 19 4 18 14 19 44 48 10 79 4 1 69 3 5 25 6 19 39 97 4 3 30 77 113 97 19 40 35 8 12 5 115 77 61 2 0 9 19 182 93 98 51 21 0 0 2 20 8 5 34 59 22 7 2 8 8 45 5 21 49
0 0 0 0 0 0 0 0 0 0 0 0 0 0 0 0 0 0 0 0 0 0 1 0 0 0 0 0 0 0 0 0 0 0 0 0 0 0 0 0 0 0 0 0 0 0 0 0 0 0 0 0 0 0 0 0 0 2 0 0 1 0 0 0 0 0 0 0 0
11 23 1 22 77 41 27 3 3 16 8 29 27 27 47 60 8 86 3 1 75 7 7 18 14 27 54 86 10 7 42 79 123 105 15 53 41 5 10 7 217 122 48 8 1 19 17 239 101 97 76 21 0 1 3 35 16 12 62 78 34 12 1 11 7 35 11 23 76
0 0 0 0 1 0 0 0 0 0 0 0 0 0 0 0 0 1 0 0 0 0 0 1 0 0 0 0 0 0 0 0 2 0 0 0 0 0 0 0 0 0 0 0 0 0 0 0 1 0 0 0 0 0 0 0 0 1 0 0 1 0 0 0 0 0 0 0 0
2 18 2 21 75 14 26 1 4 14 10 13 15 21 35 27 3 64 6 1 55 3 14 28 17 39 33 92 7 2 46 86 101 85 13 36 45 3 19 1 182 82 29 6 0 6 25 243 81 82 84 23 0 1 0 26 10 22 48 58 39 9 6 9 8 16 8 18 70
0 0 0 0 0 0 0 0 0 0 0 0 0 0 0 0 0 1 0 0 0 0 0 0 0 0 0 0 0 0 0 0 1 0 0 0 0 0 0 0 0 0 0 0 0 0 0 0 0 0 0 0 0 0 0 0 0 1 0 0 1 0 0 0 0 0 1 0 0
3 21 3 18 117 38 31 3 7 25 9 30 24 38 41 60 13 95 9 4 83 1 14 31 14 34 31 94 16 5 21 136 177 146 12 45 43 6 27 4 210 78 40 3 8 22 41 332 93 100 126 39 1 2 1 56 15 21 64 47 57 37 4 26 6 34 9 30 89
0 0 0 0 1 0 0 0 0 0 0 0 0 0 0 0 0 4 0 0 0 0 0 0 1 0 0 0 0 0 0 0 0 0 0 0 0 0 0 0 0 0 0 0 0 0 0 2 0 0 0 0 0 0 1 0 0 0 0 0 0 0 0 0 0 0 0 0 0
7 13 4 6 106 19 39 3 1 7 3 8 27 21 23 32 10 71 7 0 71 5 9 39 21 26 32 69 7 9 31 75 161 124 12 34 41 10 17 5 173 48 27 4 2 14 26 228 71 79 76 15 3 4 2 45 7 19 42 38 58 27 5 14 7 16 4 17 66
0 0 0 0 1 0 1 0 0 0 0 0 0 0 0 0 0 1 0 0 0 0 0 0 0 0 0 0 0 0 0 0 0 0 0 0 0 0 0 0 0 0 0 0 0 0 0 2 0 1 0 0 0 0 0 0 0 0 0 0 0 0 1 0 0 0 0 0 0
2 2 0 3 9 2 6 0 0 1 0 0 6 5 4 6 3 8 0 0 10 0 2 1 3 7 7 14 0 4 3 12 29 16 0 4 11 1 2 1 29 9 4 0 0 0 4 57 11 8 11 0 0 0 0 5 1 0 7 7 7 1 0 2 2 3 1 2 9
0 0 0 0 0 0 0 0 0 0 0 0 0 0 0 0 0 0 0 0 0 0 0 0 0 0 0 0 0 0 0 0 0 0 0 0 0 0 0 0 0 0 0 0 0 0 0 0 0 0 0 0 0 0 0 0 0 0 0 0 0 0 0 0 0 0 0 0 0
