6 21 22 29 30 53 57
7 3 6 13 35 51 56 60
4 2 13 35 49
3 7 16 31
4 16 18 32 48
4 2 35 36 60
6 4 11 15 16 31 32
7 11 24 25 38 39 45 46
5 11 12 38 41 42
4 37 38 39 41
8 7 8 9 15 31 38 42 46
5 9 41 42 44 47
5 2 3 17 49 56
7 15 17 29 32 45 46 48
5 7 11 14 32 46
5 4 5 7 18 32
6 13 14 29 48 49 56
2 5 16
2 20 24
3 19 24 26
7 1 22 23 27 28 53 63
4 1 21 23 30
6 21 22 24 25 27 30
8 8 19 20 23 25 26 27 39
5 8 23 24 30 45
3 20 24 27
5 21 23 24 26 28
4 21 27 62 63
7 1 14 17 30 45 56 57
6 1 22 23 25 29 45
5 4 7 11 42 43
6 5 7 14 15 16 48
3 34 48 49
2 33 49
4 2 3 6 36
2 6 35
3 10 40 41
6 8 9 10 11 39 41
4 8 10 24 38
3 37 41 47
7 9 10 12 37 38 40 47
6 9 11 12 31 43 44
3 31 42 44
3 12 42 43
6 8 14 25 29 30 46
5 8 11 14 15 45
3 12 40 41
6 5 14 17 32 33 49
6 3 13 17 33 34 48
5 52 59 66 67 69
5 2 56 60 66 69
2 50 59
4 1 21 57 63
2 57 63
3 58 59 64
8 2 13 17 29 51 57 58 66
7 1 29 53 54 56 58 63
8 55 56 57 59 61 63 64 66
6 50 52 55 58 64 66
5 2 6 51 68 69
4 58 62 63 64
4 28 61 63 64
8 21 28 53 54 57 58 61 62
6 55 58 59 61 62 65
1 64
6 50 51 56 58 59 69
2 50 69
2 60 69
6 50 51 60 66 67 68
