  1 4302
  2 4414
  3 4415
  4 4417
  5 4420
  6 4451
  7 4453
  8 4503
  9 4508
 10 4512
 11 4504
 12 4507
 13 4416
 14 4418
 15 4412
 16 4407
 17 4402
 18 4404
 19 4331
 20 4308
 21 4301
 22 4303
 23 4313
 24 4312
 25 4305
 26 4307
 27 4309
 28 4306
 29 4310
 30 4304
 31 4409
 32 4406
 33 4419
 34 4403
 35 4452
 36 4405
 37 4510
 38 4513
 39 4502
 40 4514
 41 4501
 42 4509
 43 4408
 44 4505
 45 4311
 46 4511
 47 4506
 48 4401
 49 4413
 50 3501
 51 3508
 52 3509
 53 3603
 54 3605
 55 3606
 56 3607
 57 3608
 58 3610
 59 3507
 60 3506
 61 3601
 62 3604
 63 3609
 64 3611
 65 3602
 66 3504
 67 3503
 68 3502
 69 3505

